-5.000 -0.000 0.000 0.684 0.661 0.800 0.000 0.000 -12.540 -0.780 0.000
-4.961 -0.627 0.000 0.291 0.373 0.424 0.004 0.000 -12.540 -0.780 0.000
-4.961 -0.627 20.000 0.239 0.265 0.501 0.004 1.000 -12.540 -0.780 0.000
-5.000 -0.000 0.000 0.295 0.315 0.330 0.000 0.000 -12.540 -0.780 0.000
-4.961 -0.627 20.000 0.537 0.333 0.336 0.004 1.000 -12.540 -0.780 0.000
-5.000 -0.000 20.000 0.169 0.724 0.144 0.000 1.000 -12.540 -0.780 0.000
-4.961 -0.627 0.000 0.920 0.907 0.472 0.004 0.000 -12.320 -2.360 0.000
-4.843 -1.243 0.000 0.834 0.721 0.339 0.016 0.000 -12.320 -2.360 0.000
-4.843 -1.243 20.000 0.997 0.896 0.888 0.016 1.000 -12.320 -2.360 0.000
-4.961 -0.627 0.000 0.315 0.584 0.714 0.004 0.000 -12.320 -2.360 0.000
-4.843 -1.243 20.000 0.328 0.737 0.634 0.016 1.000 -12.320 -2.360 0.000
-4.961 -0.627 20.000 0.702 0.513 0.318 0.004 1.000 -12.320 -2.360 0.000
-4.843 -1.243 0.000 0.319 0.015 0.962 0.016 0.000 -11.960 -3.880 0.000
-4.649 -1.841 0.000 0.634 0.697 0.553 0.035 0.000 -11.960 -3.880 0.000
-4.649 -1.841 20.000 0.320 0.033 0.848 0.035 1.000 -11.960 -3.880 0.000
-4.843 -1.243 0.000 0.044 0.177 0.385 0.016 0.000 -11.960 -3.880 0.000
-4.649 -1.841 20.000 0.304 0.001 0.906 0.035 1.000 -11.960 -3.880 0.000
-4.843 -1.243 20.000 0.025 0.341 0.827 0.016 1.000 -11.960 -3.880 0.000
-4.649 -1.841 0.000 0.273 0.581 0.013 0.035 0.000 -11.360 -5.340 0.000
-4.382 -2.409 0.000 0.210 0.295 0.011 0.062 0.000 -11.360 -5.340 0.000
-4.382 -2.409 20.000 0.947 0.930 0.326 0.062 1.000 -11.360 -5.340 0.000
-4.649 -1.841 0.000 0.812 0.600 0.007 0.035 0.000 -11.360 -5.340 0.000
-4.382 -2.409 20.000 0.179 0.914 0.061 0.062 1.000 -11.360 -5.340 0.000
-4.649 -1.841 20.000 0.877 0.467 0.732 0.035 1.000 -11.360 -5.340 0.000
-4.382 -2.409 0.000 0.910 0.315 0.366 0.062 0.000 -10.600 -6.740 0.000
-4.045 -2.939 0.000 0.440 0.053 0.038 0.096 0.000 -10.600 -6.740 0.000
-4.045 -2.939 20.000 0.441 0.959 0.435 0.096 1.000 -10.600 -6.740 0.000
-4.382 -2.409 0.000 0.134 0.138 0.739 0.062 0.000 -10.600 -6.740 0.000
-4.045 -2.939 20.000 0.716 0.152 0.764 0.096 1.000 -10.600 -6.740 0.000
-4.382 -2.409 20.000 0.011 0.515 0.389 0.062 1.000 -10.600 -6.740 0.000
-4.045 -2.939 0.000 0.293 0.193 0.599 0.096 0.000 -9.680 -8.000 0.000
-3.645 -3.423 0.000 0.894 0.200 0.898 0.136 0.000 -9.680 -8.000 0.000
-3.645 -3.423 20.000 0.808 0.613 0.711 0.136 1.000 -9.680 -8.000 0.000
-4.045 -2.939 0.000 0.628 0.345 0.890 0.096 0.000 -9.680 -8.000 0.000
-3.645 -3.423 20.000 0.295 0.064 0.119 0.136 1.000 -9.680 -8.000 0.000
-4.045 -2.939 20.000 0.348 0.102 0.382 0.096 1.000 -9.680 -8.000 0.000
-3.645 -3.423 0.000 0.660 0.537 0.822 0.136 0.000 -8.600 -9.160 0.000
-3.187 -3.853 0.000 0.150 0.628 0.615 0.181 0.000 -8.600 -9.160 0.000
-3.187 -3.853 20.000 0.654 0.392 0.750 0.181 1.000 -8.600 -9.160 0.000
-3.645 -3.423 0.000 0.169 0.782 0.818 0.136 0.000 -8.600 -9.160 0.000
-3.187 -3.853 20.000 0.363 0.733 0.829 0.181 1.000 -8.600 -9.160 0.000
-3.645 -3.423 20.000 0.915 0.632 0.123 0.136 1.000 -8.600 -9.160 0.000
-3.187 -3.853 0.000 0.529 0.343 0.369 0.181 0.000 -7.380 -10.160 0.000
-2.679 -4.222 0.000 0.226 0.585 0.529 0.232 0.000 -7.380 -10.160 0.000
-2.679 -4.222 20.000 0.290 0.057 0.157 0.232 1.000 -7.380 -10.160 0.000
-3.187 -3.853 0.000 0.745 0.439 0.453 0.181 0.000 -7.380 -10.160 0.000
-2.679 -4.222 20.000 0.282 0.613 0.153 0.232 1.000 -7.380 -10.160 0.000
-3.187 -3.853 20.000 0.911 0.228 0.165 0.181 1.000 -7.380 -10.160 0.000
-2.679 -4.222 0.000 0.655 0.330 0.316 0.232 0.000 -6.040 -11.000 0.000
-2.129 -4.524 0.000 0.789 0.148 0.322 0.287 0.000 -6.040 -11.000 0.000
-2.129 -4.524 20.000 0.523 0.330 0.492 0.287 1.000 -6.040 -11.000 0.000
-2.679 -4.222 0.000 0.507 0.805 0.207 0.232 0.000 -6.040 -11.000 0.000
-2.129 -4.524 20.000 0.202 0.174 0.474 0.287 1.000 -6.040 -11.000 0.000
-2.679 -4.222 20.000 0.139 0.703 0.355 0.232 1.000 -6.040 -11.000 0.000
-2.129 -4.524 0.000 0.196 0.213 0.582 0.287 0.000 -4.620 -11.680 0.000
-1.545 -4.755 0.000 0.987 0.018 0.224 0.346 0.000 -4.620 -11.680 0.000
-1.545 -4.755 20.000 0.952 0.171 0.969 0.346 1.000 -4.620 -11.680 0.000
-2.129 -4.524 0.000 0.533 0.689 0.252 0.287 0.000 -4.620 -11.680 0.000
-1.545 -4.755 20.000 0.863 0.357 0.515 0.346 1.000 -4.620 -11.680 0.000
-2.129 -4.524 20.000 0.364 0.679 0.522 0.287 1.000 -4.620 -11.680 0.000
-1.545 -4.755 0.000 0.694 0.171 0.664 0.346 0.000 -3.120 -12.160 0.000
-0.937 -4.911 0.000 0.499 0.730 0.539 0.406 0.000 -3.120 -12.160 0.000
-0.937 -4.911 20.000 0.025 0.557 0.046 0.406 1.000 -3.120 -12.160 0.000
-1.545 -4.755 0.000 0.080 0.912 0.248 0.346 0.000 -3.120 -12.160 0.000
-0.937 -4.911 20.000 0.293 0.846 0.387 0.406 1.000 -3.120 -12.160 0.000
-1.545 -4.755 20.000 0.311 0.071 0.936 0.346 1.000 -3.120 -12.160 0.000
-0.937 -4.911 0.000 0.835 0.040 0.923 0.406 0.000 -1.580 -12.460 0.000
-0.314 -4.990 0.000 0.524 0.644 0.228 0.469 0.000 -1.580 -12.460 0.000
-0.314 -4.990 20.000 0.881 0.511 0.761 0.469 1.000 -1.580 -12.460 0.000
-0.937 -4.911 0.000 0.560 0.034 0.624 0.406 0.000 -1.580 -12.460 0.000
-0.314 -4.990 20.000 0.084 0.050 0.340 0.469 1.000 -1.580 -12.460 0.000
-0.937 -4.911 20.000 0.166 0.589 0.386 0.406 1.000 -1.580 -12.460 0.000
-0.314 -4.990 0.000 0.723 0.987 0.237 0.469 0.000 0.000 -12.560 0.000
0.314 -4.990 0.000 0.988 0.587 0.262 0.531 0.000 0.000 -12.560 0.000
0.314 -4.990 20.000 0.834 0.326 0.343 0.531 1.000 0.000 -12.560 0.000
-0.314 -4.990 0.000 0.905 0.262 0.636 0.469 0.000 0.000 -12.560 0.000
0.314 -4.990 20.000 0.946 0.538 0.300 0.531 1.000 0.000 -12.560 0.000
-0.314 -4.990 20.000 0.590 0.766 0.135 0.469 1.000 0.000 -12.560 0.000
0.314 -4.990 0.000 0.454 0.527 0.659 0.531 0.000 1.580 -12.460 0.000
0.937 -4.911 0.000 0.840 0.503 0.892 0.594 0.000 1.580 -12.460 0.000
0.937 -4.911 20.000 0.890 0.844 0.804 0.594 1.000 1.580 -12.460 0.000
0.314 -4.990 0.000 0.831 0.230 0.888 0.531 0.000 1.580 -12.460 0.000
0.937 -4.911 20.000 0.818 0.820 0.055 0.594 1.000 1.580 -12.460 0.000
0.314 -4.990 20.000 0.405 0.082 0.130 0.531 1.000 1.580 -12.460 0.000
0.937 -4.911 0.000 0.731 0.425 0.118 0.594 0.000 3.120 -12.160 0.000
1.545 -4.755 0.000 0.346 0.414 0.953 0.654 0.000 3.120 -12.160 0.000
1.545 -4.755 20.000 0.884 0.714 0.210 0.654 1.000 3.120 -12.160 0.000
0.937 -4.911 0.000 0.002 0.201 0.156 0.594 0.000 3.120 -12.160 0.000
1.545 -4.755 20.000 0.529 0.212 0.099 0.654 1.000 3.120 -12.160 0.000
0.937 -4.911 20.000 0.032 0.104 0.905 0.594 1.000 3.120 -12.160 0.000
1.545 -4.755 0.000 0.228 0.908 0.745 0.654 0.000 4.620 -11.680 0.000
2.129 -4.524 0.000 0.811 0.149 0.635 0.713 0.000 4.620 -11.680 0.000
2.129 -4.524 20.000 0.631 0.556 0.466 0.713 1.000 4.620 -11.680 0.000
1.545 -4.755 0.000 0.065 0.686 0.636 0.654 0.000 4.620 -11.680 0.000
2.129 -4.524 20.000 0.843 0.805 0.393 0.713 1.000 4.620 -11.680 0.000
1.545 -4.755 20.000 0.257 0.110 0.476 0.654 1.000 4.620 -11.680 0.000
2.129 -4.524 0.000 0.323 0.320 0.822 0.713 0.000 6.040 -11.000 0.000
2.679 -4.222 0.000 0.876 0.829 0.058 0.768 0.000 6.040 -11.000 0.000
2.679 -4.222 20.000 0.088 0.280 0.060 0.768 1.000 6.040 -11.000 0.000
2.129 -4.524 0.000 0.192 0.185 0.941 0.713 0.000 6.040 -11.000 0.000
2.679 -4.222 20.000 0.452 0.930 0.326 0.768 1.000 6.040 -11.000 0.000
2.129 -4.524 20.000 0.601 0.917 0.554 0.713 1.000 6.040 -11.000 0.000
2.679 -4.222 0.000 0.509 0.735 0.717 0.768 0.000 7.380 -10.160 0.000
3.187 -3.853 0.000 0.196 0.371 0.700 0.819 0.000 7.380 -10.160 0.000
3.187 -3.853 20.000 0.353 0.116 0.766 0.819 1.000 7.380 -10.160 0.000
2.679 -4.222 0.000 0.815 0.944 0.609 0.768 0.000 7.380 -10.160 0.000
3.187 -3.853 20.000 0.487 0.119 0.866 0.819 1.000 7.380 -10.160 0.000
2.679 -4.222 20.000 0.316 0.177 0.541 0.768 1.000 7.380 -10.160 0.000
3.187 -3.853 0.000 0.948 0.590 0.417 0.819 0.000 8.600 -9.160 0.000
3.645 -3.423 0.000 0.485 0.531 0.505 0.864 0.000 8.600 -9.160 0.000
3.645 -3.423 20.000 0.767 0.209 0.049 0.864 1.000 8.600 -9.160 0.000
3.187 -3.853 0.000 0.036 0.116 0.853 0.819 0.000 8.600 -9.160 0.000
3.645 -3.423 20.000 0.771 0.833 0.807 0.864 1.000 8.600 -9.160 0.000
3.187 -3.853 20.000 0.494 0.534 0.316 0.819 1.000 8.600 -9.160 0.000
3.645 -3.423 0.000 0.610 0.300 0.512 0.864 0.000 9.680 -8.000 0.000
4.045 -2.939 0.000 0.907 0.909 0.217 0.904 0.000 9.680 -8.000 0.000
4.045 -2.939 20.000 0.026 0.127 0.032 0.904 1.000 9.680 -8.000 0.000
3.645 -3.423 0.000 0.203 0.020 0.520 0.864 0.000 9.680 -8.000 0.000
4.045 -2.939 20.000 0.145 0.789 0.188 0.904 1.000 9.680 -8.000 0.000
3.645 -3.423 20.000 0.029 0.294 0.489 0.864 1.000 9.680 -8.000 0.000
4.045 -2.939 0.000 0.238 0.695 0.326 0.904 0.000 10.600 -6.740 0.000
4.382 -2.409 0.000 0.354 0.548 0.094 0.938 0.000 10.600 -6.740 0.000
4.382 -2.409 20.000 0.188 0.355 0.130 0.938 1.000 10.600 -6.740 0.000
4.045 -2.939 0.000 0.074 0.024 0.254 0.904 0.000 10.600 -6.740 0.000
4.382 -2.409 20.000 0.726 0.536 0.748 0.938 1.000 10.600 -6.740 0.000
4.045 -2.939 20.000 0.987 0.106 0.711 0.904 1.000 10.600 -6.740 0.000
4.382 -2.409 0.000 0.466 0.490 0.618 0.938 0.000 11.360 -5.340 0.000
4.649 -1.841 0.000 0.486 0.010 0.644 0.965 0.000 11.360 -5.340 0.000
4.649 -1.841 20.000 0.275 0.551 0.199 0.965 1.000 11.360 -5.340 0.000
4.382 -2.409 0.000 0.921 0.392 0.345 0.938 0.000 11.360 -5.340 0.000
4.649 -1.841 20.000 0.616 0.718 0.374 0.965 1.000 11.360 -5.340 0.000
4.382 -2.409 20.000 0.516 0.164 0.964 0.938 1.000 11.360 -5.340 0.000
4.649 -1.841 0.000 0.224 0.295 0.319 0.965 0.000 11.960 -3.880 0.000
4.843 -1.243 0.000 0.248 0.901 0.859 0.984 0.000 11.960 -3.880 0.000
4.843 -1.243 20.000 0.136 0.649 0.285 0.984 1.000 11.960 -3.880 0.000
4.649 -1.841 0.000 0.242 0.712 0.011 0.965 0.000 11.960 -3.880 0.000
4.843 -1.243 20.000 0.733 0.330 0.998 0.984 1.000 11.960 -3.880 0.000
4.649 -1.841 20.000 0.095 0.326 0.816 0.965 1.000 11.960 -3.880 0.000
4.843 -1.243 0.000 0.998 0.526 0.302 0.984 0.000 12.320 -2.360 0.000
4.961 -0.627 0.000 0.390 0.223 0.929 0.996 0.000 12.320 -2.360 0.000
4.961 -0.627 20.000 0.461 0.949 0.850 0.996 1.000 12.320 -2.360 0.000
4.843 -1.243 0.000 0.625 0.913 0.818 0.984 0.000 12.320 -2.360 0.000
4.961 -0.627 20.000 0.272 0.232 0.686 0.996 1.000 12.320 -2.360 0.000
4.843 -1.243 20.000 0.173 0.443 0.910 0.984 1.000 12.320 -2.360 0.000
4.961 -0.627 0.000 0.175 0.728 0.510 0.996 0.000 12.540 -0.780 0.000
5.000 0.000 0.000 0.887 0.739 0.647 1.000 0.000 12.540 -0.780 0.000
5.000 0.000 20.000 0.570 0.089 0.241 1.000 1.000 12.540 -0.780 0.000
4.961 -0.627 0.000 0.896 0.905 0.326 0.996 0.000 12.540 -0.780 0.000
5.000 0.000 20.000 0.774 0.559 0.774 1.000 1.000 12.540 -0.780 0.000
4.961 -0.627 20.000 0.997 0.488 0.772 0.996 1.000 12.540 -0.780 0.000
