5.000 0.000 0.000 0.249 0.109 0.701 1.000 0.500 -1.881 -0.117 0.628
4.961 0.627 0.000 0.637 0.505 0.073 0.996 0.563 -1.881 -0.117 0.628
3.968 0.501 -3.000 0.572 0.524 0.927 0.897 0.550 -1.881 -0.117 0.628
5.000 0.000 0.000 0.060 0.720 0.627 1.000 0.500 -1.503 -0.096 0.501
3.968 0.501 -3.000 0.650 0.856 0.735 0.897 0.550 -1.503 -0.096 0.501
4.000 0.000 -3.000 0.299 0.981 0.646 0.900 0.500 -1.503 -0.096 0.501
4.961 0.627 0.000 0.208 0.302 0.095 0.996 0.563 -1.848 -0.354 0.626
4.843 1.243 0.000 0.588 0.716 0.062 0.984 0.624 -1.848 -0.354 0.626
3.874 0.995 -3.000 0.250 0.913 0.619 0.887 0.600 -1.848 -0.354 0.626
4.961 0.627 0.000 0.133 0.588 0.006 0.996 0.563 -1.482 -0.282 0.502
3.874 0.995 -3.000 0.594 0.289 0.400 0.887 0.600 -1.482 -0.282 0.502
3.968 0.501 -3.000 0.451 0.363 0.649 0.897 0.550 -1.482 -0.282 0.502
4.843 1.243 0.000 0.975 0.642 0.287 0.984 0.624 -1.794 -0.582 0.628
4.649 1.841 0.000 0.047 0.621 0.211 0.965 0.684 -1.794 -0.582 0.628
3.719 1.472 -3.000 0.255 0.357 0.271 0.872 0.647 -1.794 -0.582 0.628
4.843 1.243 0.000 0.588 0.003 0.921 0.984 0.624 -1.431 -0.465 0.501
3.719 1.472 -3.000 0.890 0.098 0.573 0.872 0.647 -1.431 -0.465 0.501
3.874 0.995 -3.000 0.958 0.512 0.781 0.887 0.600 -1.431 -0.465 0.501
4.649 1.841 0.000 0.223 0.131 0.721 0.965 0.684 -1.704 -0.801 0.627
4.382 2.409 0.000 0.811 0.137 0.971 0.938 0.741 -1.704 -0.801 0.627
3.505 1.927 -3.000 0.101 0.890 0.456 0.850 0.693 -1.704 -0.801 0.627
4.649 1.841 0.000 0.816 0.539 0.402 0.965 0.684 -1.365 -0.642 0.502
3.505 1.927 -3.000 0.458 0.178 0.853 0.850 0.693 -1.365 -0.642 0.502
3.719 1.472 -3.000 0.431 0.389 0.180 0.872 0.647 -1.365 -0.642 0.502
4.382 2.409 0.000 0.788 0.661 0.227 0.938 0.741 -1.590 -1.011 0.627
4.045 2.939 0.000 0.143 0.934 0.834 0.904 0.794 -1.590 -1.011 0.627
3.236 2.351 -3.000 0.593 0.859 0.422 0.824 0.735 -1.590 -1.011 0.627
4.382 2.409 0.000 0.105 0.640 0.664 0.938 0.741 -1.272 -0.807 0.502
3.236 2.351 -3.000 0.589 0.713 0.974 0.824 0.735 -1.272 -0.807 0.502
3.505 1.927 -3.000 0.078 0.685 0.198 0.850 0.693 -1.272 -0.807 0.502
4.045 2.939 0.000 0.968 0.493 0.009 0.904 0.794 -1.452 -1.200 0.627
3.645 3.423 0.000 0.860 0.896 0.110 0.864 0.842 -1.452 -1.200 0.627
2.916 2.738 -3.000 0.038 0.101 0.278 0.792 0.774 -1.452 -1.200 0.627
4.045 2.939 0.000 0.428 0.282 0.736 0.904 0.794 -1.161 -0.960 0.501
2.916 2.738 -3.000 0.441 0.861 0.168 0.792 0.774 -1.161 -0.960 0.501
3.236 2.351 -3.000 0.727 0.696 0.308 0.824 0.735 -1.161 -0.960 0.501
3.645 3.423 0.000 0.939 0.118 0.804 0.864 0.842 -1.290 -1.374 0.627
3.187 3.853 0.000 0.931 0.135 0.397 0.819 0.885 -1.290 -1.374 0.627
2.550 3.082 -3.000 0.645 0.109 0.855 0.755 0.808 -1.290 -1.374 0.627
3.645 3.423 0.000 0.330 0.307 0.444 0.864 0.842 -1.032 -1.098 0.501
2.550 3.082 -3.000 0.175 0.317 0.874 0.755 0.808 -1.032 -1.098 0.501
2.916 2.738 -3.000 0.071 0.779 0.843 0.792 0.774 -1.032 -1.098 0.501
3.187 3.853 0.000 0.173 0.058 0.703 0.819 0.885 -1.107 -1.524 0.627
2.679 4.222 0.000 0.807 0.146 0.093 0.768 0.922 -1.107 -1.524 0.627
2.143 3.377 -3.000 0.668 0.666 0.873 0.714 0.838 -1.107 -1.524 0.627
3.187 3.853 0.000 0.364 0.975 0.666 0.819 0.885 -0.885 -1.221 0.502
2.143 3.377 -3.000 0.835 0.131 0.746 0.714 0.838 -0.885 -1.221 0.502
2.550 3.082 -3.000 0.970 0.528 0.685 0.755 0.808 -0.885 -1.221 0.502
2.679 4.222 0.000 0.079 0.383 0.616 0.768 0.922 -0.906 -1.650 0.626
2.129 4.524 0.000 0.387 0.179 0.261 0.713 0.952 -0.906 -1.650 0.626
1.703 3.619 -3.000 0.056 0.406 0.943 0.670 0.862 -0.906 -1.650 0.626
2.679 4.222 0.000 0.835 0.249 0.119 0.768 0.922 -0.726 -1.320 0.502
1.703 3.619 -3.000 0.893 0.304 0.542 0.670 0.862 -0.726 -1.320 0.502
2.143 3.377 -3.000 0.040 0.749 0.067 0.714 0.838 -0.726 -1.320 0.502
2.129 4.524 0.000 0.058 0.623 0.874 0.713 0.952 -0.693 -1.752 0.627
1.545 4.755 0.000 0.385 0.289 0.895 0.654 0.975 -0.693 -1.752 0.627
1.236 3.804 -3.000 0.516 0.035 0.259 0.624 0.880 -0.693 -1.752 0.627
2.129 4.524 0.000 0.045 0.072 0.446 0.713 0.952 -0.555 -1.401 0.501
1.236 3.804 -3.000 0.780 0.689 0.416 0.624 0.880 -0.555 -1.401 0.501
1.703 3.619 -3.000 0.312 0.302 0.848 0.670 0.862 -0.555 -1.401 0.501
1.545 4.755 0.000 0.718 0.246 0.235 0.654 0.975 -0.468 -1.824 0.626
0.937 4.911 0.000 0.319 0.717 0.291 0.594 0.991 -0.468 -1.824 0.626
0.750 3.929 -3.000 0.975 0.611 0.478 0.575 0.893 -0.468 -1.824 0.626
1.545 4.755 0.000 0.724 0.679 0.724 0.654 0.975 -0.375 -1.458 0.501
0.750 3.929 -3.000 0.347 0.905 0.116 0.575 0.893 -0.375 -1.458 0.501
1.236 3.804 -3.000 0.989 0.800 0.174 0.624 0.880 -0.375 -1.458 0.501
0.937 4.911 0.000 0.376 0.412 0.560 0.594 0.991 -0.237 -1.869 0.627
0.314 4.990 0.000 0.801 0.858 0.076 0.531 0.999 -0.237 -1.869 0.627
0.251 3.992 -3.000 0.490 0.627 0.473 0.525 0.899 -0.237 -1.869 0.627
0.937 4.911 0.000 0.144 0.475 0.254 0.594 0.991 -0.189 -1.497 0.502
0.251 3.992 -3.000 0.390 0.062 0.918 0.525 0.899 -0.189 -1.497 0.502
0.750 3.929 -3.000 0.459 0.705 0.636 0.575 0.893 -0.189 -1.497 0.502
0.314 4.990 0.000 0.071 0.183 0.307 0.531 0.999 0.000 -1.884 0.627
-0.314 4.990 0.000 0.750 0.907 0.282 0.469 0.999 0.000 -1.884 0.627
-0.251 3.992 -3.000 0.007 0.023 0.006 0.475 0.899 0.000 -1.884 0.627
0.314 4.990 0.000 0.808 0.550 0.706 0.531 0.999 0.000 -1.506 0.501
-0.251 3.992 -3.000 0.572 0.110 0.047 0.475 0.899 0.000 -1.506 0.501
0.251 3.992 -3.000 0.430 0.186 0.775 0.525 0.899 0.000 -1.506 0.501
-0.314 4.990 0.000 0.057 0.660 0.576 0.469 0.999 0.237 -1.869 0.627
-0.937 4.911 0.000 0.884 0.266 0.418 0.406 0.991 0.237 -1.869 0.627
-0.750 3.929 -3.000 0.946 0.184 0.563 0.425 0.893 0.237 -1.869 0.627
-0.314 4.990 0.000 0.651 0.172 0.305 0.469 0.999 0.189 -1.497 0.502
-0.750 3.929 -3.000 0.187 0.479 0.765 0.425 0.893 0.189 -1.497 0.502
-0.251 3.992 -3.000 0.446 0.761 0.836 0.475 0.899 0.189 -1.497 0.502
-0.937 4.911 0.000 0.822 0.119 0.938 0.406 0.991 0.468 -1.824 0.626
-1.545 4.755 0.000 0.372 0.177 0.297 0.346 0.975 0.468 -1.824 0.626
-1.236 3.804 -3.000 0.834 0.576 0.105 0.376 0.880 0.468 -1.824 0.626
-0.937 4.911 0.000 0.372 0.352 0.677 0.406 0.991 0.375 -1.458 0.501
-1.236 3.804 -3.000 0.384 0.928 0.460 0.376 0.880 0.375 -1.458 0.501
-0.750 3.929 -3.000 0.650 0.699 0.869 0.425 0.893 0.375 -1.458 0.501
-1.545 4.755 0.000 0.186 0.262 0.754 0.346 0.975 0.693 -1.752 0.627
-2.129 4.524 0.000 0.710 0.567 0.052 0.287 0.952 0.693 -1.752 0.627
-1.703 3.619 -3.000 0.189 0.332 0.056 0.330 0.862 0.693 -1.752 0.627
-1.545 4.755 0.000 0.302 0.520 0.243 0.346 0.975 0.555 -1.401 0.501
-1.703 3.619 -3.000 0.774 0.810 0.041 0.330 0.862 0.555 -1.401 0.501
-1.236 3.804 -3.000 0.951 0.108 0.863 0.376 0.880 0.555 -1.401 0.501
-2.129 4.524 0.000 0.528 0.213 0.587 0.287 0.952 0.906 -1.650 0.627
-2.679 4.222 0.000 0.880 0.243 0.421 0.232 0.922 0.906 -1.650 0.627
-2.143 3.377 -3.000 0.160 0.055 0.794 0.286 0.838 0.906 -1.650 0.627
-2.129 4.524 0.000 0.859 0.924 0.178 0.287 0.952 0.726 -1.320 0.501
-2.143 3.377 -3.000 0.121 0.678 0.181 0.286 0.838 0.726 -1.320 0.501
-1.703 3.619 -3.000 0.041 0.731 0.719 0.330 0.862 0.726 -1.320 0.501
-2.679 4.222 0.000 0.373 0.787 0.430 0.232 0.922 1.107 -1.524 0.627
-3.187 3.853 0.000 0.246 0.382 0.971 0.181 0.885 1.107 -1.524 0.627
-2.550 3.082 -3.000 0.056 0.423 0.274 0.245 0.808 1.107 -1.524 0.627
-2.679 4.222 0.000 0.164 0.639 0.048 0.232 0.922 0.885 -1.221 0.502
-2.550 3.082 -3.000 0.730 0.578 0.999 0.245 0.808 0.885 -1.221 0.502
-2.143 3.377 -3.000 0.325 0.000 0.879 0.286 0.838 0.885 -1.221 0.502
-3.187 3.853 0.000 0.380 0.146 0.111 0.181 0.885 1.290 -1.374 0.627
-3.645 3.423 0.000 0.304 0.676 0.624 0.136 0.842 1.290 -1.374 0.627
-2.916 2.738 -3.000 0.335 0.209 0.483 0.208 0.774 1.290 -1.374 0.627
-3.187 3.853 0.000 0.418 0.929 0.957 0.181 0.885 1.032 -1.098 0.501
-2.916 2.738 -3.000 0.205 0.711 0.998 0.208 0.774 1.032 -1.098 0.501
-2.550 3.082 -3.000 0.939 0.682 0.723 0.245 0.808 1.032 -1.098 0.501
-3.645 3.423 0.000 0.714 0.956 0.321 0.136 0.842 1.452 -1.200 0.627
-4.045 2.939 0.000 0.353 0.356 0.378 0.096 0.794 1.452 -1.200 0.627
-3.236 2.351 -3.000 0.932 0.708 0.894 0.176 0.735 1.452 -1.200 0.627
-3.645 3.423 0.000 0.284 0.587 0.624 0.136 0.842 1.161 -0.960 0.501
-3.236 2.351 -3.000 0.782 0.699 0.949 0.176 0.735 1.161 -0.960 0.501
-2.916 2.738 -3.000 0.810 0.323 0.681 0.208 0.774 1.161 -0.960 0.501
-4.045 2.939 0.000 0.020 0.158 0.986 0.096 0.794 1.590 -1.011 0.627
-4.382 2.409 0.000 0.301 0.467 0.673 0.062 0.741 1.590 -1.011 0.627
-3.505 1.927 -3.000 0.012 0.817 0.091 0.150 0.693 1.590 -1.011 0.627
-4.045 2.939 0.000 0.046 0.893 0.648 0.096 0.794 1.272 -0.807 0.501
-3.505 1.927 -3.000 0.355 0.214 0.587 0.150 0.693 1.272 -0.807 0.501
-3.236 2.351 -3.000 0.711 0.592 0.653 0.176 0.735 1.272 -0.807 0.501
-4.382 2.409 0.000 0.419 0.487 0.007 0.062 0.741 1.704 -0.801 0.627
-4.649 1.841 0.000 0.359 0.463 0.291 0.035 0.684 1.704 -0.801 0.627
-3.719 1.472 -3.000 0.410 0.765 0.927 0.128 0.647 1.704 -0.801 0.627
-4.382 2.409 0.000 0.733 0.446 0.061 0.062 0.741 1.365 -0.642 0.502
-3.719 1.472 -3.000 0.243 0.784 0.871 0.128 0.647 1.365 -0.642 0.502
-3.505 1.927 -3.000 0.063 0.457 0.891 0.150 0.693 1.365 -0.642 0.502
-4.649 1.841 0.000 0.880 0.900 0.192 0.035 0.684 1.794 -0.582 0.628
-4.843 1.243 0.000 0.773 0.548 0.556 0.016 0.624 1.794 -0.582 0.628
-3.874 0.995 -3.000 0.340 0.487 0.603 0.113 0.600 1.794 -0.582 0.628
-4.649 1.841 0.000 0.284 0.141 0.958 0.035 0.684 1.431 -0.465 0.501
-3.874 0.995 -3.000 0.123 0.500 0.021 0.113 0.600 1.431 -0.465 0.501
-3.719 1.472 -3.000 0.587 0.143 0.441 0.128 0.647 1.431 -0.465 0.501
-4.843 1.243 0.000 0.352 0.422 0.152 0.016 0.624 1.848 -0.354 0.627
-4.961 0.627 0.000 0.150 0.483 0.562 0.004 0.563 1.848 -0.354 0.627
-3.968 0.501 -3.000 0.935 0.354 0.647 0.103 0.550 1.848 -0.354 0.627
-4.843 1.243 0.000 0.744 0.246 0.890 0.016 0.624 1.482 -0.282 0.502
-3.968 0.501 -3.000 0.645 0.790 0.953 0.103 0.550 1.482 -0.282 0.502
-3.874 0.995 -3.000 0.545 0.699 0.186 0.113 0.600 1.482 -0.282 0.502
-4.961 0.627 0.000 0.385 0.654 0.311 0.004 0.563 1.881 -0.117 0.627
-5.000 -0.000 0.000 0.526 0.964 0.651 0.000 0.500 1.881 -0.117 0.627
-4.000 -0.000 -3.000 0.378 0.985 0.936 0.100 0.500 1.881 -0.117 0.627
-4.961 0.627 0.000 0.521 0.778 0.059 0.004 0.563 1.503 -0.096 0.502
-4.000 -0.000 -3.000 0.943 0.930 0.998 0.100 0.500 1.503 -0.096 0.502
-3.968 0.501 -3.000 0.426 0.492 0.702 0.103 0.550 1.503 -0.096 0.502
-5.000 -0.000 0.000 0.132 0.491 0.853 0.000 0.500 1.881 0.117 0.628
-4.961 -0.627 0.000 0.378 0.382 0.140 0.004 0.437 1.881 0.117 0.628
-3.968 -0.501 -3.000 0.521 0.687 0.236 0.103 0.450 1.881 0.117 0.628
-5.000 -0.000 0.000 0.572 0.225 0.233 0.000 0.500 1.503 0.096 0.501
-3.968 -0.501 -3.000 0.226 0.537 0.779 0.103 0.450 1.503 0.096 0.501
-4.000 -0.000 -3.000 0.190 0.540 0.516 0.100 0.500 1.503 0.096 0.501
-4.961 -0.627 0.000 0.527 0.476 0.042 0.004 0.437 1.848 0.354 0.626
-4.843 -1.243 0.000 0.658 0.888 0.772 0.016 0.376 1.848 0.354 0.626
-3.874 -0.995 -3.000 0.588 0.886 0.645 0.113 0.400 1.848 0.354 0.626
-4.961 -0.627 0.000 0.433 0.589 0.588 0.004 0.437 1.482 0.282 0.502
-3.874 -0.995 -3.000 0.924 0.794 0.366 0.113 0.400 1.482 0.282 0.502
-3.968 -0.501 -3.000 0.658 0.934 0.498 0.103 0.450 1.482 0.282 0.502
-4.843 -1.243 0.000 0.698 0.170 0.229 0.016 0.376 1.794 0.582 0.628
-4.649 -1.841 0.000 0.275 0.404 0.102 0.035 0.316 1.794 0.582 0.628
-3.719 -1.472 -3.000 0.812 0.535 0.674 0.128 0.353 1.794 0.582 0.628
-4.843 -1.243 0.000 0.353 0.051 0.900 0.016 0.376 1.431 0.465 0.501
-3.719 -1.472 -3.000 0.181 0.445 0.442 0.128 0.353 1.431 0.465 0.501
-3.874 -0.995 -3.000 0.421 0.217 0.969 0.113 0.400 1.431 0.465 0.501
-4.649 -1.841 0.000 0.308 0.862 0.627 0.035 0.316 1.704 0.801 0.627
-4.382 -2.409 0.000 0.249 0.802 0.568 0.062 0.259 1.704 0.801 0.627
-3.505 -1.927 -3.000 0.043 0.520 0.353 0.150 0.307 1.704 0.801 0.627
-4.649 -1.841 0.000 0.329 0.018 0.629 0.035 0.316 1.365 0.642 0.502
-3.505 -1.927 -3.000 0.851 0.599 0.640 0.150 0.307 1.365 0.642 0.502
-3.719 -1.472 -3.000 0.607 0.701 0.690 0.128 0.353 1.365 0.642 0.502
-4.382 -2.409 0.000 0.142 0.375 0.965 0.062 0.259 1.590 1.011 0.627
-4.045 -2.939 0.000 0.545 0.627 0.778 0.096 0.206 1.590 1.011 0.627
-3.236 -2.351 -3.000 0.990 0.069 0.483 0.176 0.265 1.590 1.011 0.627
-4.382 -2.409 0.000 0.559 0.391 0.016 0.062 0.259 1.272 0.807 0.502
-3.236 -2.351 -3.000 0.773 0.018 0.438 0.176 0.265 1.272 0.807 0.502
-3.505 -1.927 -3.000 0.575 0.938 0.098 0.150 0.307 1.272 0.807 0.502
-4.045 -2.939 0.000 0.095 0.643 0.347 0.096 0.206 1.452 1.200 0.627
-3.645 -3.423 0.000 0.466 0.273 0.742 0.136 0.158 1.452 1.200 0.627
-2.916 -2.738 -3.000 0.417 0.265 0.423 0.208 0.226 1.452 1.200 0.627
-4.045 -2.939 0.000 0.119 0.955 0.274 0.096 0.206 1.161 0.960 0.501
-2.916 -2.738 -3.000 0.846 0.920 0.882 0.208 0.226 1.161 0.960 0.501
-3.236 -2.351 -3.000 0.474 0.050 0.376 0.176 0.265 1.161 0.960 0.501
-3.645 -3.423 0.000 0.543 0.885 0.274 0.136 0.158 1.290 1.374 0.627
-3.187 -3.853 0.000 0.934 0.902 0.264 0.181 0.115 1.290 1.374 0.627
-2.550 -3.082 -3.000 0.305 0.340 0.176 0.245 0.192 1.290 1.374 0.627
-3.645 -3.423 0.000 0.595 0.438 0.949 0.136 0.158 1.032 1.098 0.501
-2.550 -3.082 -3.000 0.239 0.137 0.877 0.245 0.192 1.032 1.098 0.501
-2.916 -2.738 -3.000 0.864 0.879 0.324 0.208 0.226 1.032 1.098 0.501
-3.187 -3.853 0.000 0.129 0.302 0.142 0.181 0.115 1.107 1.524 0.627
-2.679 -4.222 0.000 0.084 0.928 0.560 0.232 0.078 1.107 1.524 0.627
-2.143 -3.377 -3.000 0.356 0.162 0.679 0.286 0.162 1.107 1.524 0.627
-3.187 -3.853 0.000 0.407 0.891 0.525 0.181 0.115 0.885 1.221 0.502
-2.143 -3.377 -3.000 0.292 0.165 0.999 0.286 0.162 0.885 1.221 0.502
-2.550 -3.082 -3.000 0.194 0.781 0.895 0.245 0.192 0.885 1.221 0.502
-2.679 -4.222 0.000 0.886 0.957 0.181 0.232 0.078 0.906 1.650 0.626
-2.129 -4.524 0.000 0.324 0.259 0.838 0.287 0.048 0.906 1.650 0.626
-1.703 -3.619 -3.000 0.813 0.136 0.434 0.330 0.138 0.906 1.650 0.626
-2.679 -4.222 0.000 0.692 0.812 0.025 0.232 0.078 0.726 1.320 0.502
-1.703 -3.619 -3.000 0.346 0.955 0.241 0.330 0.138 0.726 1.320 0.502
-2.143 -3.377 -3.000 0.627 0.515 0.370 0.286 0.162 0.726 1.320 0.502
-2.129 -4.524 0.000 0.789 0.194 0.806 0.287 0.048 0.693 1.752 0.627
-1.545 -4.755 0.000 0.680 0.071 0.162 0.346 0.025 0.693 1.752 0.627
-1.236 -3.804 -3.000 0.197 0.071 0.921 0.376 0.120 0.693 1.752 0.627
-2.129 -4.524 0.000 0.979 0.318 0.214 0.287 0.048 0.555 1.401 0.501
-1.236 -3.804 -3.000 0.936 0.499 0.760 0.376 0.120 0.555 1.401 0.501
-1.703 -3.619 -3.000 0.547 0.690 0.647 0.330 0.138 0.555 1.401 0.501
-1.545 -4.755 0.000 0.683 0.476 0.323 0.346 0.025 0.468 1.824 0.626
-0.937 -4.911 0.000 0.496 0.501 0.137 0.406 0.009 0.468 1.824 0.626
-0.750 -3.929 -3.000 0.803 0.094 0.181 0.425 0.107 0.468 1.824 0.626
-1.545 -4.755 0.000 0.318 0.464 0.880 0.346 0.025 0.375 1.458 0.501
-0.750 -3.929 -3.000 0.512 0.622 0.507 0.425 0.107 0.375 1.458 0.501
-1.236 -3.804 -3.000 0.583 0.136 0.648 0.376 0.120 0.375 1.458 0.501
-0.937 -4.911 0.000 0.006 0.058 0.681 0.406 0.009 0.237 1.869 0.627
-0.314 -4.990 0.000 0.676 0.624 0.878 0.469 0.001 0.237 1.869 0.627
-0.251 -3.992 -3.000 0.528 0.736 0.857 0.475 0.101 0.237 1.869 0.627
-0.937 -4.911 0.000 0.218 0.735 0.146 0.406 0.009 0.189 1.497 0.502
-0.251 -3.992 -3.000 0.694 0.059 0.693 0.475 0.101 0.189 1.497 0.502
-0.750 -3.929 -3.000 0.547 0.548 0.729 0.425 0.107 0.189 1.497 0.502
-0.314 -4.990 0.000 0.641 0.081 0.577 0.469 0.001 -0.000 1.884 0.627
0.314 -4.990 0.000 0.457 0.961 0.380 0.531 0.001 -0.000 1.884 0.627
0.251 -3.992 -3.000 0.079 0.820 0.050 0.525 0.101 -0.000 1.884 0.627
-0.314 -4.990 0.000 0.567 0.821 0.562 0.469 0.001 0.000 1.506 0.501
0.251 -3.992 -3.000 0.977 0.502 0.497 0.525 0.101 0.000 1.506 0.501
-0.251 -3.992 -3.000 0.953 0.732 0.856 0.475 0.101 0.000 1.506 0.501
0.314 -4.990 0.000 0.690 0.942 0.884 0.531 0.001 -0.237 1.869 0.627
0.937 -4.911 0.000 0.425 0.440 0.412 0.594 0.009 -0.237 1.869 0.627
0.750 -3.929 -3.000 0.836 0.485 0.630 0.575 0.107 -0.237 1.869 0.627
0.314 -4.990 0.000 0.736 0.566 0.676 0.531 0.001 -0.189 1.497 0.502
0.750 -3.929 -3.000 0.818 0.495 0.223 0.575 0.107 -0.189 1.497 0.502
0.251 -3.992 -3.000 0.131 0.227 0.864 0.525 0.101 -0.189 1.497 0.502
0.937 -4.911 0.000 0.304 0.277 0.321 0.594 0.009 -0.468 1.824 0.626
1.545 -4.755 0.000 0.125 0.191 0.752 0.654 0.025 -0.468 1.824 0.626
1.236 -3.804 -3.000 0.979 0.689 0.672 0.624 0.120 -0.468 1.824 0.626
0.937 -4.911 0.000 0.711 0.897 0.649 0.594 0.009 -0.375 1.458 0.501
1.236 -3.804 -3.000 0.005 0.781 0.603 0.624 0.120 -0.375 1.458 0.501
0.750 -3.929 -3.000 0.445 0.546 0.293 0.575 0.107 -0.375 1.458 0.501
1.545 -4.755 0.000 0.283 0.176 0.070 0.654 0.025 -0.693 1.752 0.627
2.129 -4.524 0.000 0.849 0.205 0.907 0.713 0.048 -0.693 1.752 0.627
1.703 -3.619 -3.000 0.345 0.428 0.643 0.670 0.138 -0.693 1.752 0.627
1.545 -4.755 0.000 0.924 0.645 0.813 0.654 0.025 -0.555 1.401 0.501
1.703 -3.619 -3.000 0.202 0.318 0.945 0.670 0.138 -0.555 1.401 0.501
1.236 -3.804 -3.000 0.393 0.071 0.249 0.624 0.120 -0.555 1.401 0.501
2.129 -4.524 0.000 0.434 0.095 0.726 0.713 0.048 -0.906 1.650 0.627
2.679 -4.222 0.000 0.683 0.744 0.705 0.768 0.078 -0.906 1.650 0.627
2.143 -3.377 -3.000 0.465 0.699 0.768 0.714 0.162 -0.906 1.650 0.627
2.129 -4.524 0.000 0.011 0.344 0.774 0.713 0.048 -0.726 1.320 0.501
2.143 -3.377 -3.000 0.539 0.415 0.571 0.714 0.162 -0.726 1.320 0.501
1.703 -3.619 -3.000 0.744 0.674 0.206 0.670 0.138 -0.726 1.320 0.501
2.679 -4.222 0.000 0.525 0.669 0.056 0.768 0.078 -1.107 1.524 0.627
3.187 -3.853 0.000 0.170 0.483 0.753 0.819 0.115 -1.107 1.524 0.627
2.550 -3.082 -3.000 0.488 0.780 0.677 0.755 0.192 -1.107 1.524 0.627
2.679 -4.222 0.000 0.911 0.029 0.231 0.768 0.078 -0.885 1.221 0.502
2.550 -3.082 -3.000 0.006 0.755 0.625 0.755 0.192 -0.885 1.221 0.502
2.143 -3.377 -3.000 0.103 0.812 0.059 0.714 0.162 -0.885 1.221 0.502
3.187 -3.853 0.000 0.154 0.580 0.743 0.819 0.115 -1.290 1.374 0.627
3.645 -3.423 0.000 0.499 0.706 0.560 0.864 0.158 -1.290 1.374 0.627
2.916 -2.738 -3.000 0.266 0.630 0.923 0.792 0.226 -1.290 1.374 0.627
3.187 -3.853 0.000 0.292 0.836 0.814 0.819 0.115 -1.032 1.098 0.501
2.916 -2.738 -3.000 0.961 0.244 0.911 0.792 0.226 -1.032 1.098 0.501
2.550 -3.082 -3.000 0.796 0.349 0.436 0.755 0.192 -1.032 1.098 0.501
3.645 -3.423 0.000 0.576 0.027 0.606 0.864 0.158 -1.452 1.200 0.627
4.045 -2.939 0.000 0.957 0.610 0.446 0.904 0.206 -1.452 1.200 0.627
3.236 -2.351 -3.000 0.064 0.235 0.710 0.824 0.265 -1.452 1.200 0.627
3.645 -3.423 0.000 0.876 0.647 0.716 0.864 0.158 -1.161 0.960 0.501
3.236 -2.351 -3.000 0.809 0.742 0.171 0.824 0.265 -1.161 0.960 0.501
2.916 -2.738 -3.000 0.515 0.654 0.326 0.792 0.226 -1.161 0.960 0.501
4.045 -2.939 0.000 0.145 0.577 0.177 0.904 0.206 -1.590 1.011 0.627
4.382 -2.409 0.000 0.334 0.743 0.443 0.938 0.259 -1.590 1.011 0.627
3.505 -1.927 -3.000 0.578 0.654 0.735 0.850 0.307 -1.590 1.011 0.627
4.045 -2.939 0.000 0.928 0.090 0.048 0.904 0.206 -1.272 0.807 0.501
3.505 -1.927 -3.000 0.307 0.048 0.845 0.850 0.307 -1.272 0.807 0.501
3.236 -2.351 -3.000 0.917 0.495 0.421 0.824 0.265 -1.272 0.807 0.501
4.382 -2.409 0.000 0.505 0.205 0.731 0.938 0.259 -1.704 0.801 0.627
4.649 -1.841 0.000 0.152 0.273 0.795 0.965 0.316 -1.704 0.801 0.627
3.719 -1.472 -3.000 0.246 0.797 0.024 0.872 0.353 -1.704 0.801 0.627
4.382 -2.409 0.000 0.900 0.475 0.833 0.938 0.259 -1.365 0.642 0.502
3.719 -1.472 -3.000 0.829 0.652 0.700 0.872 0.353 -1.365 0.642 0.502
3.505 -1.927 -3.000 0.572 0.447 0.846 0.850 0.307 -1.365 0.642 0.502
4.649 -1.841 0.000 0.227 0.182 0.532 0.965 0.316 -1.794 0.582 0.628
4.843 -1.243 0.000 0.317 0.582 0.110 0.984 0.376 -1.794 0.582 0.628
3.874 -0.995 -3.000 0.366 0.427 0.390 0.887 0.400 -1.794 0.582 0.628
4.649 -1.841 0.000 0.213 0.201 0.049 0.965 0.316 -1.431 0.465 0.501
3.874 -0.995 -3.000 0.770 0.932 0.967 0.887 0.400 -1.431 0.465 0.501
3.719 -1.472 -3.000 0.043 0.727 0.472 0.872 0.353 -1.431 0.465 0.501
4.843 -1.243 0.000 0.192 0.103 0.976 0.984 0.376 -1.848 0.354 0.627
4.961 -0.627 0.000 0.667 0.936 0.222 0.996 0.437 -1.848 0.354 0.627
3.968 -0.501 -3.000 0.319 0.637 0.122 0.897 0.450 -1.848 0.354 0.627
4.843 -1.243 0.000 0.766 0.835 0.951 0.984 0.376 -1.482 0.282 0.502
3.968 -0.501 -3.000 0.300 0.367 0.875 0.897 0.450 -1.482 0.282 0.502
3.874 -0.995 -3.000 0.883 0.829 0.102 0.887 0.400 -1.482 0.282 0.502
4.961 -0.627 0.000 0.662 0.220 0.772 0.996 0.437 -1.881 0.117 0.627
5.000 0.000 0.000 0.863 0.269 0.138 1.000 0.500 -1.881 0.117 0.627
4.000 0.000 -3.000 0.147 0.588 0.703 0.900 0.500 -1.881 0.117 0.627
4.961 -0.627 0.000 0.227 0.412 0.473 0.996 0.437 -1.503 0.096 0.502
4.000 0.000 -3.000 0.330 0.740 0.868 0.900 0.500 -1.503 0.096 0.502
3.968 -0.501 -3.000 0.267 0.314 0.061 0.897 0.450 -1.503 0.096 0.502
5.000 0.000 0.000 0.256 0.436 0.728 1.000 0.500 0.000 0.000 0.050
4.961 0.627 0.000 0.443 0.739 0.400 0.996 0.563 0.000 0.000 0.050
4.843 1.243 0.000 0.162 0.967 0.518 0.984 0.624 0.000 0.000 0.050
5.000 0.000 0.000 0.991 0.069 0.819 1.000 0.500 0.000 0.000 0.147
4.843 1.243 0.000 0.563 0.841 0.054 0.984 0.624 0.000 0.000 0.147
4.649 1.841 0.000 0.185 0.331 0.716 0.965 0.684 0.000 0.000 0.147
5.000 0.000 0.000 0.125 0.386 0.932 1.000 0.500 0.000 0.000 0.292
4.649 1.841 0.000 0.538 0.859 0.079 0.965 0.684 0.000 0.000 0.292
4.382 2.409 0.000 0.630 0.080 0.306 0.938 0.741 0.000 0.000 0.292
5.000 0.000 0.000 0.945 0.141 0.989 1.000 0.500 0.000 0.000 0.484
4.382 2.409 0.000 0.733 0.221 0.256 0.938 0.741 0.000 0.000 0.484
4.045 2.939 0.000 0.825 0.621 0.864 0.904 0.794 0.000 0.000 0.484
5.000 0.000 0.000 0.792 0.140 0.307 1.000 0.500 0.000 0.000 0.713
4.045 2.939 0.000 0.861 0.311 0.469 0.904 0.794 0.000 0.000 0.713
3.645 3.423 0.000 0.055 0.365 0.812 0.864 0.842 0.000 0.000 0.713
5.000 0.000 0.000 0.386 0.433 0.376 1.000 0.500 0.000 0.000 0.985
3.645 3.423 0.000 0.773 0.717 0.913 0.864 0.842 0.000 0.000 0.985
3.187 3.853 0.000 0.984 0.149 0.038 0.819 0.885 0.000 0.000 0.985
5.000 0.000 0.000 0.064 0.807 0.928 1.000 0.500 0.000 0.000 1.288
3.187 3.853 0.000 0.205 0.796 0.559 0.819 0.885 0.000 0.000 1.288
2.679 4.222 0.000 0.427 0.404 0.504 0.768 0.922 0.000 0.000 1.288
5.000 0.000 0.000 0.400 0.268 0.237 1.000 0.500 0.000 0.000 1.621
2.679 4.222 0.000 0.540 0.927 0.062 0.768 0.922 0.000 0.000 1.621
2.129 4.524 0.000 0.203 0.396 0.854 0.713 0.952 0.000 0.000 1.621
5.000 0.000 0.000 0.920 0.561 0.068 1.000 0.500 0.000 0.000 1.979
2.129 4.524 0.000 0.354 0.289 0.123 0.713 0.952 0.000 0.000 1.979
1.545 4.755 0.000 0.423 0.202 0.861 0.654 0.975 0.000 0.000 1.979
5.000 0.000 0.000 0.572 0.592 0.634 1.000 0.500 0.000 0.000 2.352
1.545 4.755 0.000 0.380 0.521 0.971 0.654 0.975 0.000 0.000 2.352
0.937 4.911 0.000 0.176 0.080 0.035 0.594 0.991 0.000 0.000 2.352
5.000 0.000 0.000 0.581 0.936 0.593 1.000 0.500 0.000 0.000 2.739
0.937 4.911 0.000 0.201 0.525 0.020 0.594 0.991 0.000 0.000 2.739
0.314 4.990 0.000 0.129 0.940 0.772 0.531 0.999 0.000 0.000 2.739
5.000 0.000 0.000 0.877 0.146 0.665 1.000 0.500 0.000 0.000 3.134
0.314 4.990 0.000 0.438 0.214 0.868 0.531 0.999 0.000 0.000 3.134
-0.314 4.990 0.000 0.079 0.689 0.789 0.469 0.999 0.000 0.000 3.134
5.000 0.000 0.000 0.633 0.551 0.495 1.000 0.500 0.000 0.000 3.529
-0.314 4.990 0.000 0.226 0.537 0.918 0.469 0.999 0.000 0.000 3.529
-0.937 4.911 0.000 0.747 0.508 0.843 0.406 0.991 0.000 0.000 3.529
5.000 0.000 0.000 0.179 0.544 0.575 1.000 0.500 0.000 0.000 3.912
-0.937 4.911 0.000 0.467 0.137 0.103 0.406 0.991 0.000 0.000 3.912
-1.545 4.755 0.000 0.992 0.509 0.036 0.346 0.975 0.000 0.000 3.912
5.000 0.000 0.000 0.932 0.633 0.238 1.000 0.500 0.000 0.000 4.289
-1.545 4.755 0.000 0.431 0.298 0.719 0.346 0.975 0.000 0.000 4.289
-2.129 4.524 0.000 0.645 0.167 0.596 0.287 0.952 0.000 0.000 4.289
5.000 0.000 0.000 0.687 0.308 0.387 1.000 0.500 0.000 0.000 4.641
-2.129 4.524 0.000 0.238 0.803 0.818 0.287 0.952 0.000 0.000 4.641
-2.679 4.222 0.000 0.127 0.073 0.452 0.232 0.922 0.000 0.000 4.641
5.000 0.000 0.000 0.636 0.916 0.678 1.000 0.500 0.000 0.000 4.978
-2.679 4.222 0.000 0.532 0.491 0.777 0.232 0.922 0.000 0.000 4.978
-3.187 3.853 0.000 0.669 0.947 0.308 0.181 0.885 0.000 0.000 4.978
5.000 0.000 0.000 0.530 0.983 0.775 1.000 0.500 0.000 0.000 5.285
-3.187 3.853 0.000 0.163 0.573 0.119 0.181 0.885 0.000 0.000 5.285
-3.645 3.423 0.000 0.462 0.292 0.404 0.136 0.842 0.000 0.000 5.285
5.000 0.000 0.000 0.981 0.241 0.835 1.000 0.500 0.000 0.000 5.553
-3.645 3.423 0.000 0.289 0.628 0.832 0.136 0.842 0.000 0.000 5.553
-4.045 2.939 0.000 0.092 0.446 0.519 0.096 0.794 0.000 0.000 5.553
5.000 0.000 0.000 0.517 0.250 0.109 1.000 0.500 0.000 0.000 5.784
-4.045 2.939 0.000 0.434 0.928 0.237 0.096 0.794 0.000 0.000 5.784
-4.382 2.409 0.000 0.277 0.705 0.225 0.062 0.741 0.000 0.000 5.784
5.000 0.000 0.000 0.224 0.365 0.757 1.000 0.500 0.000 0.000 5.972
-4.382 2.409 0.000 0.560 0.140 0.426 0.062 0.741 0.000 0.000 5.972
-4.649 1.841 0.000 0.133 0.260 0.308 0.035 0.684 0.000 0.000 5.972
5.000 0.000 0.000 0.426 0.016 0.471 1.000 0.500 0.000 0.000 6.127
-4.649 1.841 0.000 0.667 0.851 0.285 0.035 0.684 0.000 0.000 6.127
-4.843 1.243 0.000 0.647 0.035 0.266 0.016 0.624 0.000 0.000 6.127
5.000 0.000 0.000 0.445 0.555 0.555 1.000 0.500 0.000 0.000 6.210
-4.843 1.243 0.000 0.696 0.016 0.999 0.016 0.624 0.000 0.000 6.210
-4.961 0.627 0.000 0.976 0.253 0.517 0.004 0.563 0.000 0.000 6.210
5.000 0.000 0.000 0.034 0.478 0.303 1.000 0.500 0.000 0.000 6.270
-4.961 0.627 0.000 0.399 0.235 0.932 0.004 0.563 0.000 0.000 6.270
-5.000 -0.000 0.000 0.892 0.013 0.509 0.000 0.500 0.000 0.000 6.270
5.000 0.000 0.000 0.152 0.321 0.069 1.000 0.500 0.000 0.000 6.270
-5.000 -0.000 0.000 0.520 0.145 0.554 0.000 0.500 0.000 0.000 6.270
-4.961 -0.627 0.000 0.371 0.430 0.980 0.004 0.437 0.000 0.000 6.270
5.000 0.000 0.000 0.406 0.697 0.999 1.000 0.500 0.000 0.000 6.210
-4.961 -0.627 0.000 0.313 0.604 0.998 0.004 0.437 0.000 0.000 6.210
-4.843 -1.243 0.000 0.330 0.956 0.444 0.016 0.376 0.000 0.000 6.210
5.000 0.000 0.000 0.935 0.825 0.492 1.000 0.500 0.000 0.000 6.127
-4.843 -1.243 0.000 0.766 0.480 0.468 0.016 0.376 0.000 0.000 6.127
-4.649 -1.841 0.000 0.353 0.412 0.502 0.035 0.316 0.000 0.000 6.127
5.000 0.000 0.000 0.367 0.273 0.902 1.000 0.500 0.000 0.000 5.972
-4.649 -1.841 0.000 0.040 0.694 0.794 0.035 0.316 0.000 0.000 5.972
-4.382 -2.409 0.000 0.185 0.249 0.298 0.062 0.259 0.000 0.000 5.972
5.000 0.000 0.000 0.968 0.581 0.170 1.000 0.500 0.000 0.000 5.784
-4.382 -2.409 0.000 0.017 0.581 0.893 0.062 0.259 0.000 0.000 5.784
-4.045 -2.939 0.000 0.973 0.579 0.651 0.096 0.206 0.000 0.000 5.784
5.000 0.000 0.000 0.929 0.375 0.965 1.000 0.500 0.000 0.000 5.553
-4.045 -2.939 0.000 0.106 0.867 0.647 0.096 0.206 0.000 0.000 5.553
-3.645 -3.423 0.000 0.586 0.336 0.934 0.136 0.158 0.000 0.000 5.553
5.000 0.000 0.000 0.351 0.190 0.700 1.000 0.500 0.000 0.000 5.285
-3.645 -3.423 0.000 0.624 0.444 0.054 0.136 0.158 0.000 0.000 5.285
-3.187 -3.853 0.000 0.319 0.590 0.421 0.181 0.115 0.000 0.000 5.285
5.000 0.000 0.000 0.920 0.240 0.813 1.000 0.500 0.000 0.000 4.978
-3.187 -3.853 0.000 0.501 0.410 0.351 0.181 0.115 0.000 0.000 4.978
-2.679 -4.222 0.000 0.434 0.303 0.319 0.232 0.078 0.000 0.000 4.978
5.000 0.000 0.000 0.366 0.955 0.688 1.000 0.500 0.000 0.000 4.641
-2.679 -4.222 0.000 0.741 0.272 0.661 0.232 0.078 0.000 0.000 4.641
-2.129 -4.524 0.000 0.961 0.919 0.943 0.287 0.048 0.000 0.000 4.641
5.000 0.000 0.000 0.649 0.853 0.049 1.000 0.500 0.000 0.000 4.289
-2.129 -4.524 0.000 0.839 0.906 0.988 0.287 0.048 0.000 0.000 4.289
-1.545 -4.755 0.000 0.284 0.960 0.691 0.346 0.025 0.000 0.000 4.289
5.000 0.000 0.000 0.226 0.733 0.667 1.000 0.500 0.000 0.000 3.912
-1.545 -4.755 0.000 0.467 0.898 0.986 0.346 0.025 0.000 0.000 3.912
-0.937 -4.911 0.000 0.877 0.249 0.258 0.406 0.009 0.000 0.000 3.912
5.000 0.000 0.000 0.533 0.920 0.760 1.000 0.500 0.000 0.000 3.529
-0.937 -4.911 0.000 0.488 0.608 0.194 0.406 0.009 0.000 0.000 3.529
-0.314 -4.990 0.000 0.760 0.270 0.560 0.469 0.001 0.000 0.000 3.529
5.000 0.000 0.000 0.031 0.565 0.654 1.000 0.500 0.000 0.000 3.134
-0.314 -4.990 0.000 0.236 0.966 0.615 0.469 0.001 0.000 0.000 3.134
0.314 -4.990 0.000 0.494 0.954 0.264 0.531 0.001 0.000 0.000 3.134
5.000 0.000 0.000 0.454 0.997 0.455 1.000 0.500 0.000 0.000 2.739
0.314 -4.990 0.000 0.539 0.665 0.091 0.531 0.001 0.000 0.000 2.739
0.937 -4.911 0.000 0.438 0.003 0.318 0.594 0.009 0.000 0.000 2.739
5.000 0.000 0.000 0.687 0.262 0.785 1.000 0.500 0.000 0.000 2.352
0.937 -4.911 0.000 0.960 0.022 0.014 0.594 0.009 0.000 0.000 2.352
1.545 -4.755 0.000 0.568 0.568 0.547 0.654 0.025 0.000 0.000 2.352
5.000 0.000 0.000 0.190 0.129 0.387 1.000 0.500 0.000 0.000 1.979
1.545 -4.755 0.000 0.755 0.135 0.499 0.654 0.025 0.000 0.000 1.979
2.129 -4.524 0.000 0.722 0.750 0.882 0.713 0.048 0.000 0.000 1.979
5.000 0.000 0.000 0.028 0.366 0.119 1.000 0.500 0.000 0.000 1.621
2.129 -4.524 0.000 0.026 0.821 0.613 0.713 0.048 0.000 0.000 1.621
2.679 -4.222 0.000 0.691 0.913 0.420 0.768 0.078 0.000 0.000 1.621
5.000 0.000 0.000 0.694 0.231 0.959 1.000 0.500 0.000 0.000 1.288
2.679 -4.222 0.000 0.956 0.368 0.749 0.768 0.078 0.000 0.000 1.288
3.187 -3.853 0.000 0.330 0.382 0.437 0.819 0.115 0.000 0.000 1.288
5.000 0.000 0.000 0.899 0.282 0.397 1.000 0.500 0.000 0.000 0.985
3.187 -3.853 0.000 0.380 0.669 0.317 0.819 0.115 0.000 0.000 0.985
3.645 -3.423 0.000 0.515 0.169 0.508 0.864 0.158 0.000 0.000 0.985
5.000 0.000 0.000 0.617 0.051 0.263 1.000 0.500 0.000 0.000 0.713
3.645 -3.423 0.000 0.983 0.522 0.337 0.864 0.158 0.000 0.000 0.713
4.045 -2.939 0.000 0.156 0.488 0.366 0.904 0.206 0.000 0.000 0.713
5.000 0.000 0.000 0.069 0.908 0.392 1.000 0.500 0.000 0.000 0.484
4.045 -2.939 0.000 0.652 0.219 0.435 0.904 0.206 0.000 0.000 0.484
4.382 -2.409 0.000 0.020 0.969 0.129 0.938 0.259 0.000 0.000 0.484
5.000 0.000 0.000 0.755 0.758 0.438 1.000 0.500 0.000 0.000 0.292
4.382 -2.409 0.000 0.037 0.507 0.768 0.938 0.259 0.000 0.000 0.292
4.649 -1.841 0.000 0.706 0.824 0.667 0.965 0.316 0.000 0.000 0.292
5.000 0.000 0.000 0.227 0.684 0.047 1.000 0.500 0.000 0.000 0.147
4.649 -1.841 0.000 0.279 0.300 0.914 0.965 0.316 0.000 0.000 0.147
4.843 -1.243 0.000 0.153 0.637 0.531 0.984 0.376 0.000 0.000 0.147
5.000 0.000 0.000 0.641 0.003 0.866 1.000 0.500 0.000 0.000 0.050
4.843 -1.243 0.000 0.901 0.747 0.023 0.984 0.376 0.000 0.000 0.050
4.961 -0.627 0.000 0.473 0.182 0.444 0.996 0.437 0.000 0.000 0.050
4.000 0.000 -3.000 0.442 0.664 0.449 0.900 0.500 0.000 0.000 0.031
3.968 0.501 -3.000 0.552 0.102 0.469 0.897 0.550 0.000 0.000 0.031
3.874 0.995 -3.000 0.059 0.870 0.576 0.887 0.600 0.000 0.000 0.031
4.000 0.000 -3.000 0.235 0.538 0.613 0.900 0.500 0.000 0.000 0.094
3.874 0.995 -3.000 0.920 0.937 0.672 0.887 0.600 0.000 0.000 0.094
3.719 1.472 -3.000 0.220 0.204 0.251 0.872 0.647 0.000 0.000 0.094
4.000 0.000 -3.000 0.209 0.735 0.882 0.900 0.500 0.000 0.000 0.187
3.719 1.472 -3.000 0.213 0.954 0.036 0.872 0.647 0.000 0.000 0.187
3.505 1.927 -3.000 0.312 0.329 0.677 0.850 0.693 0.000 0.000 0.187
4.000 0.000 -3.000 0.847 0.773 0.931 0.900 0.500 0.000 0.000 0.308
3.505 1.927 -3.000 0.511 0.222 0.404 0.850 0.693 0.000 0.000 0.308
3.236 2.351 -3.000 0.613 0.044 0.198 0.824 0.735 0.000 0.000 0.308
4.000 0.000 -3.000 0.835 0.620 0.750 0.900 0.500 0.000 0.000 0.457
3.236 2.351 -3.000 0.725 0.586 0.161 0.824 0.735 0.000 0.000 0.457
2.916 2.738 -3.000 0.663 0.610 0.396 0.792 0.774 0.000 0.000 0.457
4.000 0.000 -3.000 0.867 0.861 0.668 0.900 0.500 0.000 0.000 0.629
2.916 2.738 -3.000 0.954 0.744 0.240 0.792 0.774 0.000 0.000 0.629
2.550 3.082 -3.000 0.908 0.132 0.450 0.755 0.808 0.000 0.000 0.629
4.000 0.000 -3.000 0.237 0.161 0.015 0.900 0.500 0.000 0.000 0.827
2.550 3.082 -3.000 0.363 0.092 0.327 0.755 0.808 0.000 0.000 0.827
2.143 3.377 -3.000 0.937 0.496 0.174 0.714 0.838 0.000 0.000 0.827
4.000 0.000 -3.000 0.981 0.046 0.037 0.900 0.500 0.000 0.000 1.036
2.143 3.377 -3.000 0.954 0.796 0.002 0.714 0.838 0.000 0.000 1.036
1.703 3.619 -3.000 0.892 0.957 0.838 0.670 0.862 0.000 0.000 1.036
4.000 0.000 -3.000 0.502 0.706 0.563 0.900 0.500 0.000 0.000 1.265
1.703 3.619 -3.000 0.715 0.374 0.578 0.670 0.862 0.000 0.000 1.265
1.236 3.804 -3.000 0.811 0.615 0.445 0.624 0.880 0.000 0.000 1.265
4.000 0.000 -3.000 0.943 0.065 0.752 0.900 0.500 0.000 0.000 1.503
1.236 3.804 -3.000 0.457 0.080 0.660 0.624 0.880 0.000 0.000 1.503
0.750 3.929 -3.000 0.549 0.759 0.250 0.575 0.893 0.000 0.000 1.503
4.000 0.000 -3.000 0.398 0.286 0.965 0.900 0.500 0.000 0.000 1.756
0.750 3.929 -3.000 0.444 0.323 0.902 0.575 0.893 0.000 0.000 1.756
0.251 3.992 -3.000 0.593 0.678 0.236 0.525 0.899 0.000 0.000 1.756
4.000 0.000 -3.000 0.550 0.516 0.190 0.900 0.500 0.000 0.000 2.004
0.251 3.992 -3.000 0.608 0.079 0.082 0.525 0.899 0.000 0.000 2.004
-0.251 3.992 -3.000 0.983 0.658 0.936 0.475 0.899 0.000 0.000 2.004
4.000 0.000 -3.000 0.598 0.455 0.003 0.900 0.500 0.000 0.000 2.260
-0.251 3.992 -3.000 0.015 0.207 0.815 0.475 0.899 0.000 0.000 2.260
-0.750 3.929 -3.000 0.447 0.220 0.110 0.425 0.893 0.000 0.000 2.260
4.000 0.000 -3.000 0.206 0.822 0.919 0.900 0.500 0.000 0.000 2.503
-0.750 3.929 -3.000 0.844 0.787 0.821 0.425 0.893 0.000 0.000 2.503
-1.236 3.804 -3.000 0.520 0.041 0.219 0.376 0.880 0.000 0.000 2.503
4.000 0.000 -3.000 0.198 0.277 0.015 0.900 0.500 0.000 0.000 2.745
-1.236 3.804 -3.000 0.714 0.467 0.960 0.376 0.880 0.000 0.000 2.745
-1.703 3.619 -3.000 0.145 0.901 0.863 0.330 0.862 0.000 0.000 2.745
4.000 0.000 -3.000 0.155 0.189 0.471 0.900 0.500 0.000 0.000 2.972
-1.703 3.619 -3.000 0.963 0.193 0.454 0.330 0.862 0.000 0.000 2.972
-2.143 3.377 -3.000 0.170 0.360 0.404 0.286 0.838 0.000 0.000 2.972
4.000 0.000 -3.000 0.742 0.822 0.771 0.900 0.500 0.000 0.000 3.187
-2.143 3.377 -3.000 0.916 0.742 0.218 0.286 0.838 0.000 0.000 3.187
-2.550 3.082 -3.000 0.055 0.563 0.425 0.245 0.808 0.000 0.000 3.187
4.000 0.000 -3.000 0.097 0.134 0.621 0.900 0.500 0.000 0.000 3.381
-2.550 3.082 -3.000 0.726 0.501 0.141 0.245 0.808 0.000 0.000 3.381
-2.916 2.738 -3.000 0.546 0.462 0.339 0.208 0.774 0.000 0.000 3.381
4.000 0.000 -3.000 0.447 0.325 0.405 0.900 0.500 0.000 0.000 3.553
-2.916 2.738 -3.000 0.989 0.796 0.551 0.208 0.774 0.000 0.000 3.553
-3.236 2.351 -3.000 0.534 0.603 0.706 0.176 0.735 0.000 0.000 3.553
4.000 0.000 -3.000 0.894 0.359 0.669 0.900 0.500 0.000 0.000 3.700
-3.236 2.351 -3.000 0.068 0.131 0.192 0.176 0.735 0.000 0.000 3.700
-3.505 1.927 -3.000 0.162 0.349 0.286 0.150 0.693 0.000 0.000 3.700
4.000 0.000 -3.000 0.077 0.126 0.555 0.900 0.500 0.000 0.000 3.827
-3.505 1.927 -3.000 0.563 0.748 0.610 0.150 0.693 0.000 0.000 3.827
-3.719 1.472 -3.000 0.065 0.889 0.059 0.128 0.647 0.000 0.000 3.827
4.000 0.000 -3.000 0.879 0.581 0.786 0.900 0.500 0.000 0.000 3.910
-3.719 1.472 -3.000 0.556 0.986 0.332 0.128 0.647 0.000 0.000 3.910
-3.874 0.995 -3.000 0.704 0.537 0.131 0.113 0.600 0.000 0.000 3.910
4.000 0.000 -3.000 0.307 0.596 0.120 0.900 0.500 0.000 0.000 3.983
-3.874 0.995 -3.000 0.667 0.617 0.654 0.113 0.600 0.000 0.000 3.983
-3.968 0.501 -3.000 0.798 0.161 0.900 0.103 0.550 0.000 0.000 3.983
4.000 0.000 -3.000 0.499 0.448 0.321 0.900 0.500 0.000 0.000 4.008
-3.968 0.501 -3.000 0.626 0.355 0.483 0.103 0.550 0.000 0.000 4.008
-4.000 -0.000 -3.000 0.726 0.965 0.913 0.100 0.500 0.000 0.000 4.008
4.000 0.000 -3.000 0.967 0.377 0.476 0.900 0.500 0.000 0.000 4.008
-4.000 -0.000 -3.000 0.548 0.163 0.893 0.100 0.500 0.000 0.000 4.008
-3.968 -0.501 -3.000 0.535 0.847 0.772 0.103 0.450 0.000 0.000 4.008
4.000 0.000 -3.000 0.424 0.978 0.328 0.900 0.500 0.000 0.000 3.983
-3.968 -0.501 -3.000 0.020 0.099 0.033 0.103 0.450 0.000 0.000 3.983
-3.874 -0.995 -3.000 0.990 0.105 0.692 0.113 0.400 0.000 0.000 3.983
4.000 0.000 -3.000 0.151 0.358 0.359 0.900 0.500 0.000 0.000 3.910
-3.874 -0.995 -3.000 0.951 0.679 0.509 0.113 0.400 0.000 0.000 3.910
-3.719 -1.472 -3.000 0.306 0.514 0.009 0.128 0.353 0.000 0.000 3.910
4.000 0.000 -3.000 0.624 0.427 0.987 0.900 0.500 0.000 0.000 3.827
-3.719 -1.472 -3.000 0.001 0.256 0.065 0.128 0.353 0.000 0.000 3.827
-3.505 -1.927 -3.000 0.516 0.149 0.032 0.150 0.307 0.000 0.000 3.827
4.000 0.000 -3.000 0.363 0.922 0.581 0.900 0.500 0.000 0.000 3.700
-3.505 -1.927 -3.000 0.341 0.602 0.468 0.150 0.307 0.000 0.000 3.700
-3.236 -2.351 -3.000 0.792 0.635 0.892 0.176 0.265 0.000 0.000 3.700
4.000 0.000 -3.000 0.250 0.328 0.265 0.900 0.500 0.000 0.000 3.553
-3.236 -2.351 -3.000 0.608 0.039 0.255 0.176 0.265 0.000 0.000 3.553
-2.916 -2.738 -3.000 0.639 0.901 0.758 0.208 0.226 0.000 0.000 3.553
4.000 0.000 -3.000 0.505 0.262 0.062 0.900 0.500 0.000 0.000 3.381
-2.916 -2.738 -3.000 0.933 0.249 0.368 0.208 0.226 0.000 0.000 3.381
-2.550 -3.082 -3.000 0.541 0.314 0.344 0.245 0.192 0.000 0.000 3.381
4.000 0.000 -3.000 0.690 0.698 0.697 0.900 0.500 0.000 0.000 3.187
-2.550 -3.082 -3.000 0.964 0.279 0.213 0.245 0.192 0.000 0.000 3.187
-2.143 -3.377 -3.000 0.567 0.099 0.928 0.286 0.162 0.000 0.000 3.187
4.000 0.000 -3.000 0.202 0.992 0.270 0.900 0.500 0.000 0.000 2.972
-2.143 -3.377 -3.000 0.882 0.609 0.414 0.286 0.162 0.000 0.000 2.972
-1.703 -3.619 -3.000 0.922 0.864 0.016 0.330 0.138 0.000 0.000 2.972
4.000 0.000 -3.000 0.823 0.974 0.976 0.900 0.500 0.000 0.000 2.745
-1.703 -3.619 -3.000 0.085 0.036 0.615 0.330 0.138 0.000 0.000 2.745
-1.236 -3.804 -3.000 0.686 0.757 0.121 0.376 0.120 0.000 0.000 2.745
4.000 0.000 -3.000 0.352 0.453 0.406 0.900 0.500 0.000 0.000 2.503
-1.236 -3.804 -3.000 0.050 0.151 0.947 0.376 0.120 0.000 0.000 2.503
-0.750 -3.929 -3.000 0.682 0.364 0.989 0.425 0.107 0.000 0.000 2.503
4.000 0.000 -3.000 0.781 0.293 0.954 0.900 0.500 0.000 0.000 2.260
-0.750 -3.929 -3.000 0.125 0.915 0.521 0.425 0.107 0.000 0.000 2.260
-0.251 -3.992 -3.000 0.734 0.681 0.075 0.475 0.101 0.000 0.000 2.260
4.000 0.000 -3.000 0.950 0.050 0.310 0.900 0.500 0.000 0.000 2.004
-0.251 -3.992 -3.000 0.925 0.026 0.232 0.475 0.101 0.000 0.000 2.004
0.251 -3.992 -3.000 0.313 0.994 0.407 0.525 0.101 0.000 0.000 2.004
4.000 0.000 -3.000 0.422 0.467 0.844 0.900 0.500 0.000 0.000 1.756
0.251 -3.992 -3.000 0.876 0.873 0.882 0.525 0.101 0.000 0.000 1.756
0.750 -3.929 -3.000 0.379 0.172 0.586 0.575 0.107 0.000 0.000 1.756
4.000 0.000 -3.000 0.095 0.513 0.988 0.900 0.500 0.000 0.000 1.503
0.750 -3.929 -3.000 0.740 0.467 0.670 0.575 0.107 0.000 0.000 1.503
1.236 -3.804 -3.000 0.007 0.340 0.804 0.624 0.120 0.000 0.000 1.503
4.000 0.000 -3.000 0.689 0.416 0.929 0.900 0.500 0.000 0.000 1.265
1.236 -3.804 -3.000 0.739 0.078 0.016 0.624 0.120 0.000 0.000 1.265
1.703 -3.619 -3.000 0.117 0.662 0.966 0.670 0.138 0.000 0.000 1.265
4.000 0.000 -3.000 0.111 0.069 0.243 0.900 0.500 0.000 0.000 1.036
1.703 -3.619 -3.000 0.578 0.265 0.909 0.670 0.138 0.000 0.000 1.036
2.143 -3.377 -3.000 0.803 0.499 0.331 0.714 0.162 0.000 0.000 1.036
4.000 0.000 -3.000 0.327 0.085 0.559 0.900 0.500 0.000 0.000 0.827
2.143 -3.377 -3.000 0.841 0.073 0.938 0.714 0.162 0.000 0.000 0.827
2.550 -3.082 -3.000 0.660 0.096 0.034 0.755 0.192 0.000 0.000 0.827
4.000 0.000 -3.000 0.001 0.900 0.774 0.900 0.500 0.000 0.000 0.629
2.550 -3.082 -3.000 0.769 0.181 0.782 0.755 0.192 0.000 0.000 0.629
2.916 -2.738 -3.000 0.847 0.197 0.823 0.792 0.226 0.000 0.000 0.629
4.000 0.000 -3.000 0.509 0.516 0.914 0.900 0.500 0.000 0.000 0.457
2.916 -2.738 -3.000 0.930 0.759 0.031 0.792 0.226 0.000 0.000 0.457
3.236 -2.351 -3.000 0.547 0.668 0.143 0.824 0.265 0.000 0.000 0.457
4.000 0.000 -3.000 0.046 0.352 0.073 0.900 0.500 0.000 0.000 0.308
3.236 -2.351 -3.000 0.483 0.911 0.877 0.824 0.265 0.000 0.000 0.308
3.505 -1.927 -3.000 0.908 0.202 0.556 0.850 0.307 0.000 0.000 0.308
4.000 0.000 -3.000 0.004 0.236 0.397 0.900 0.500 0.000 0.000 0.187
3.505 -1.927 -3.000 0.256 0.362 0.058 0.850 0.307 0.000 0.000 0.187
3.719 -1.472 -3.000 0.438 0.144 0.411 0.872 0.353 0.000 0.000 0.187
4.000 0.000 -3.000 0.987 0.319 0.532 0.900 0.500 0.000 0.000 0.094
3.719 -1.472 -3.000 0.503 0.233 0.379 0.872 0.353 0.000 0.000 0.094
3.874 -0.995 -3.000 0.615 0.265 0.240 0.887 0.400 0.000 0.000 0.094
4.000 0.000 -3.000 0.635 0.760 0.170 0.900 0.500 0.000 0.000 0.031
3.874 -0.995 -3.000 0.987 0.185 0.069 0.887 0.400 0.000 0.000 0.031
3.968 -0.501 -3.000 0.251 0.414 0.115 0.897 0.450 0.000 0.000 0.031
