5.000 0.000 0.000 0.330 0.394 0.593 0.000 0.000 12.540 0.780 0.000
4.961 0.627 0.000 0.526 0.405 0.524 0.004 0.000 12.540 0.780 0.000
4.961 0.627 20.000 0.421 0.947 0.543 0.004 1.000 12.540 0.780 0.000
5.000 0.000 0.000 0.703 0.595 0.931 0.000 0.000 12.540 0.780 -0.000
4.961 0.627 20.000 0.010 0.555 0.673 0.004 1.000 12.540 0.780 -0.000
5.000 0.000 20.000 0.427 0.009 0.192 0.000 1.000 12.540 0.780 -0.000
4.961 0.627 0.000 0.856 0.643 0.554 0.004 0.000 12.320 2.360 0.000
4.843 1.243 0.000 0.999 0.146 0.439 0.016 0.000 12.320 2.360 0.000
4.843 1.243 20.000 0.499 0.301 0.336 0.016 1.000 12.320 2.360 0.000
4.961 0.627 0.000 0.732 0.732 0.696 0.004 0.000 12.320 2.360 -0.000
4.843 1.243 20.000 0.126 0.677 0.777 0.016 1.000 12.320 2.360 -0.000
4.961 0.627 20.000 0.884 0.201 0.107 0.004 1.000 12.320 2.360 -0.000
4.843 1.243 0.000 0.183 0.097 0.985 0.016 0.000 11.960 3.880 0.000
4.649 1.841 0.000 0.778 0.028 0.406 0.035 0.000 11.960 3.880 0.000
4.649 1.841 20.000 0.685 0.053 0.462 0.035 1.000 11.960 3.880 0.000
4.843 1.243 0.000 0.694 0.597 0.472 0.016 0.000 11.960 3.880 -0.000
4.649 1.841 20.000 0.689 0.151 0.251 0.035 1.000 11.960 3.880 -0.000
4.843 1.243 20.000 0.835 0.942 0.459 0.016 1.000 11.960 3.880 -0.000
4.649 1.841 0.000 0.489 0.631 0.810 0.035 0.000 11.360 5.340 0.000
4.382 2.409 0.000 0.573 0.327 0.310 0.062 0.000 11.360 5.340 0.000
4.382 2.409 20.000 0.250 0.104 0.042 0.062 1.000 11.360 5.340 0.000
4.649 1.841 0.000 0.451 0.563 0.520 0.035 0.000 11.360 5.340 -0.000
4.382 2.409 20.000 0.900 0.548 0.404 0.062 1.000 11.360 5.340 -0.000
4.649 1.841 20.000 0.928 0.307 0.587 0.035 1.000 11.360 5.340 -0.000
4.382 2.409 0.000 0.333 0.769 0.717 0.062 0.000 10.600 6.740 0.000
4.045 2.939 0.000 0.930 0.593 0.402 0.096 0.000 10.600 6.740 0.000
4.045 2.939 20.000 0.433 0.197 0.449 0.096 1.000 10.600 6.740 0.000
4.382 2.409 0.000 0.376 0.656 0.138 0.062 0.000 10.600 6.740 -0.000
4.045 2.939 20.000 0.007 0.467 0.326 0.096 1.000 10.600 6.740 -0.000
4.382 2.409 20.000 0.686 0.777 0.815 0.062 1.000 10.600 6.740 -0.000
4.045 2.939 0.000 0.791 0.819 0.388 0.096 0.000 9.680 8.000 0.000
3.645 3.423 0.000 0.706 0.691 0.990 0.136 0.000 9.680 8.000 0.000
3.645 3.423 20.000 0.607 0.096 0.441 0.136 1.000 9.680 8.000 0.000
4.045 2.939 0.000 0.914 0.035 0.342 0.096 0.000 9.680 8.000 -0.000
3.645 3.423 20.000 0.035 0.753 0.622 0.136 1.000 9.680 8.000 -0.000
4.045 2.939 20.000 0.628 0.155 0.956 0.096 1.000 9.680 8.000 -0.000
3.645 3.423 0.000 0.825 0.956 0.238 0.136 0.000 8.600 9.160 0.000
3.187 3.853 0.000 0.834 0.095 0.672 0.181 0.000 8.600 9.160 0.000
3.187 3.853 20.000 0.301 0.421 0.400 0.181 1.000 8.600 9.160 0.000
3.645 3.423 0.000 0.078 0.588 0.759 0.136 0.000 8.600 9.160 -0.000
3.187 3.853 20.000 0.249 0.328 0.445 0.181 1.000 8.600 9.160 -0.000
3.645 3.423 20.000 0.940 0.318 0.588 0.136 1.000 8.600 9.160 -0.000
3.187 3.853 0.000 0.036 0.111 0.295 0.181 0.000 7.380 10.160 0.000
2.679 4.222 0.000 0.072 0.805 0.902 0.232 0.000 7.380 10.160 0.000
2.679 4.222 20.000 0.177 0.428 0.168 0.232 1.000 7.380 10.160 0.000
3.187 3.853 0.000 0.684 0.736 0.203 0.181 0.000 7.380 10.160 -0.000
2.679 4.222 20.000 0.641 0.974 0.183 0.232 1.000 7.380 10.160 -0.000
3.187 3.853 20.000 0.088 0.646 0.361 0.181 1.000 7.380 10.160 -0.000
2.679 4.222 0.000 0.861 0.046 0.195 0.232 0.000 6.040 11.000 0.000
2.129 4.524 0.000 0.449 0.157 0.496 0.287 0.000 6.040 11.000 0.000
2.129 4.524 20.000 0.129 0.603 0.926 0.287 1.000 6.040 11.000 0.000
2.679 4.222 0.000 0.447 0.543 0.175 0.232 0.000 6.040 11.000 -0.000
2.129 4.524 20.000 0.910 0.838 0.467 0.287 1.000 6.040 11.000 -0.000
2.679 4.222 20.000 0.716 0.092 0.856 0.232 1.000 6.040 11.000 -0.000
2.129 4.524 0.000 0.496 0.612 0.280 0.287 0.000 4.620 11.680 0.000
1.545 4.755 0.000 0.232 0.167 0.457 0.346 0.000 4.620 11.680 0.000
1.545 4.755 20.000 0.206 0.351 0.141 0.346 1.000 4.620 11.680 0.000
2.129 4.524 0.000 0.205 0.064 0.134 0.287 0.000 4.620 11.680 -0.000
1.545 4.755 20.000 0.603 0.611 0.222 0.346 1.000 4.620 11.680 -0.000
2.129 4.524 20.000 0.761 0.459 0.083 0.287 1.000 4.620 11.680 -0.000
1.545 4.755 0.000 0.716 0.385 0.532 0.346 0.000 3.120 12.160 0.000
0.937 4.911 0.000 0.259 0.912 0.013 0.406 0.000 3.120 12.160 0.000
0.937 4.911 20.000 0.450 0.731 0.812 0.406 1.000 3.120 12.160 0.000
1.545 4.755 0.000 0.894 0.587 0.723 0.346 0.000 3.120 12.160 -0.000
0.937 4.911 20.000 0.507 0.867 0.791 0.406 1.000 3.120 12.160 -0.000
1.545 4.755 20.000 0.674 0.676 0.287 0.346 1.000 3.120 12.160 -0.000
0.937 4.911 0.000 0.377 0.170 0.519 0.406 0.000 1.580 12.460 0.000
0.314 4.990 0.000 0.793 0.304 0.077 0.469 0.000 1.580 12.460 0.000
0.314 4.990 20.000 0.404 0.527 0.634 0.469 1.000 1.580 12.460 0.000
0.937 4.911 0.000 0.215 0.610 0.590 0.406 0.000 1.580 12.460 -0.000
0.314 4.990 20.000 0.952 0.495 0.351 0.469 1.000 1.580 12.460 -0.000
0.937 4.911 20.000 0.216 0.860 0.419 0.406 1.000 1.580 12.460 -0.000
0.314 4.990 0.000 0.948 0.673 0.678 0.469 0.000 0.000 12.560 0.000
-0.314 4.990 0.000 0.535 0.748 0.480 0.531 0.000 0.000 12.560 0.000
-0.314 4.990 20.000 0.755 0.539 0.375 0.531 1.000 0.000 12.560 0.000
0.314 4.990 0.000 0.783 0.826 0.234 0.469 0.000 0.000 12.560 -0.000
-0.314 4.990 20.000 0.953 0.697 0.260 0.531 1.000 0.000 12.560 -0.000
0.314 4.990 20.000 0.610 0.126 0.990 0.469 1.000 0.000 12.560 -0.000
-0.314 4.990 0.000 0.137 0.761 0.783 0.531 0.000 -1.580 12.460 0.000
-0.937 4.911 0.000 0.099 0.351 0.540 0.594 0.000 -1.580 12.460 0.000
-0.937 4.911 20.000 0.946 0.054 0.107 0.594 1.000 -1.580 12.460 0.000
-0.314 4.990 0.000 0.807 0.473 0.060 0.531 0.000 -1.580 12.460 0.000
-0.937 4.911 20.000 0.480 0.503 0.276 0.594 1.000 -1.580 12.460 0.000
-0.314 4.990 20.000 0.228 0.336 0.224 0.531 1.000 -1.580 12.460 0.000
-0.937 4.911 0.000 0.119 0.711 0.112 0.594 0.000 -3.120 12.160 0.000
-1.545 4.755 0.000 0.945 0.297 0.219 0.654 0.000 -3.120 12.160 0.000
-1.545 4.755 20.000 0.994 0.557 0.002 0.654 1.000 -3.120 12.160 0.000
-0.937 4.911 0.000 0.120 0.547 0.308 0.594 0.000 -3.120 12.160 0.000
-1.545 4.755 20.000 0.881 0.683 0.918 0.654 1.000 -3.120 12.160 0.000
-0.937 4.911 20.000 0.584 0.575 0.055 0.594 1.000 -3.120 12.160 0.000
-1.545 4.755 0.000 0.638 0.682 0.506 0.654 0.000 -4.620 11.680 0.000
-2.129 4.524 0.000 0.463 0.742 0.453 0.713 0.000 -4.620 11.680 0.000
-2.129 4.524 20.000 0.319 0.019 0.260 0.713 1.000 -4.620 11.680 0.000
-1.545 4.755 0.000 0.655 0.595 0.092 0.654 0.000 -4.620 11.680 0.000
-2.129 4.524 20.000 0.366 0.707 0.672 0.713 1.000 -4.620 11.680 0.000
-1.545 4.755 20.000 0.663 0.926 0.791 0.654 1.000 -4.620 11.680 0.000
-2.129 4.524 0.000 0.572 0.281 0.088 0.713 0.000 -6.040 11.000 0.000
-2.679 4.222 0.000 0.120 0.589 0.082 0.768 0.000 -6.040 11.000 0.000
-2.679 4.222 20.000 0.155 0.507 0.202 0.768 1.000 -6.040 11.000 0.000
-2.129 4.524 0.000 0.730 0.914 0.084 0.713 0.000 -6.040 11.000 0.000
-2.679 4.222 20.000 0.412 0.420 0.020 0.768 1.000 -6.040 11.000 0.000
-2.129 4.524 20.000 0.507 0.873 0.659 0.713 1.000 -6.040 11.000 0.000
-2.679 4.222 0.000 0.878 0.485 0.474 0.768 0.000 -7.380 10.160 0.000
-3.187 3.853 0.000 0.473 0.577 0.793 0.819 0.000 -7.380 10.160 0.000
-3.187 3.853 20.000 0.533 0.601 0.448 0.819 1.000 -7.380 10.160 0.000
-2.679 4.222 0.000 0.811 0.392 0.166 0.768 0.000 -7.380 10.160 0.000
-3.187 3.853 20.000 0.092 0.480 0.181 0.819 1.000 -7.380 10.160 0.000
-2.679 4.222 20.000 0.033 0.914 0.754 0.768 1.000 -7.380 10.160 0.000
-3.187 3.853 0.000 0.540 0.117 0.226 0.819 0.000 -8.600 9.160 0.000
-3.645 3.423 0.000 0.806 0.553 0.381 0.864 0.000 -8.600 9.160 0.000
-3.645 3.423 20.000 0.227 0.573 0.111 0.864 1.000 -8.600 9.160 0.000
-3.187 3.853 0.000 0.452 0.584 0.875 0.819 0.000 -8.600 9.160 0.000
-3.645 3.423 20.000 0.938 0.059 0.382 0.864 1.000 -8.600 9.160 0.000
-3.187 3.853 20.000 0.867 0.204 0.612 0.819 1.000 -8.600 9.160 0.000
-3.645 3.423 0.000 0.469 0.005 0.086 0.864 0.000 -9.680 8.000 0.000
-4.045 2.939 0.000 0.213 0.171 0.971 0.904 0.000 -9.680 8.000 0.000
-4.045 2.939 20.000 0.046 0.353 0.782 0.904 1.000 -9.680 8.000 0.000
-3.645 3.423 0.000 0.960 0.107 0.227 0.864 0.000 -9.680 8.000 0.000
-4.045 2.939 20.000 0.077 0.333 0.260 0.904 1.000 -9.680 8.000 0.000
-3.645 3.423 20.000 0.630 0.066 0.153 0.864 1.000 -9.680 8.000 0.000
-4.045 2.939 0.000 0.556 0.177 0.959 0.904 0.000 -10.600 6.740 0.000
-4.382 2.409 0.000 0.140 0.404 0.538 0.938 0.000 -10.600 6.740 0.000
-4.382 2.409 20.000 0.551 0.139 0.991 0.938 1.000 -10.600 6.740 0.000
-4.045 2.939 0.000 0.108 0.751 0.929 0.904 0.000 -10.600 6.740 0.000
-4.382 2.409 20.000 0.113 0.189 0.148 0.938 1.000 -10.600 6.740 0.000
-4.045 2.939 20.000 0.284 0.160 0.969 0.904 1.000 -10.600 6.740 0.000
-4.382 2.409 0.000 0.989 0.295 0.183 0.938 0.000 -11.360 5.340 0.000
-4.649 1.841 0.000 0.096 0.522 0.229 0.965 0.000 -11.360 5.340 0.000
-4.649 1.841 20.000 0.781 0.134 0.541 0.965 1.000 -11.360 5.340 0.000
-4.382 2.409 0.000 0.847 0.639 0.619 0.938 0.000 -11.360 5.340 0.000
-4.649 1.841 20.000 0.376 0.951 0.601 0.965 1.000 -11.360 5.340 0.000
-4.382 2.409 20.000 0.133 0.489 0.509 0.938 1.000 -11.360 5.340 0.000
-4.649 1.841 0.000 0.272 0.480 0.650 0.965 0.000 -11.960 3.880 0.000
-4.843 1.243 0.000 0.023 0.761 0.553 0.984 0.000 -11.960 3.880 0.000
-4.843 1.243 20.000 0.565 0.262 0.661 0.984 1.000 -11.960 3.880 0.000
-4.649 1.841 0.000 0.725 0.231 0.774 0.965 0.000 -11.960 3.880 0.000
-4.843 1.243 20.000 0.020 0.414 0.411 0.984 1.000 -11.960 3.880 0.000
-4.649 1.841 20.000 0.894 0.995 0.400 0.965 1.000 -11.960 3.880 0.000
-4.843 1.243 0.000 0.381 0.537 0.849 0.984 0.000 -12.320 2.360 0.000
-4.961 0.627 0.000 0.372 0.508 0.630 0.996 0.000 -12.320 2.360 0.000
-4.961 0.627 20.000 0.323 0.461 0.830 0.996 1.000 -12.320 2.360 0.000
-4.843 1.243 0.000 0.165 0.971 0.558 0.984 0.000 -12.320 2.360 0.000
-4.961 0.627 20.000 0.997 0.973 0.691 0.996 1.000 -12.320 2.360 0.000
-4.843 1.243 20.000 0.111 0.878 0.315 0.984 1.000 -12.320 2.360 0.000
-4.961 0.627 0.000 0.373 0.540 0.339 0.996 0.000 -12.540 0.780 0.000
-5.000 -0.000 0.000 0.604 0.666 0.256 1.000 0.000 -12.540 0.780 0.000
-5.000 -0.000 20.000 0.371 0.077 0.981 1.000 1.000 -12.540 0.780 0.000
-4.961 0.627 0.000 0.366 0.830 0.354 0.996 0.000 -12.540 0.780 0.000
-5.000 -0.000 20.000 0.255 0.679 0.600 1.000 1.000 -12.540 0.780 0.000
-4.961 0.627 20.000 0.763 0.309 0.333 0.996 1.000 -12.540 0.780 0.000
