-0.75 0.00 0.00 -0.00 0.50 0.00 0.09 0.38 0.46
-0.25 0.00 0.00 -0.00 0.50 0.00 0.92 0.65 0.59
-0.25 0.00 -1.00 -0.00 0.50 0.00 0.09 0.55 0.21
-0.75 0.00 0.00 0.00 0.50 0.00 0.54 0.41 0.08
-0.25 0.00 -1.00 0.00 0.50 0.00 0.36 0.12 0.68
-0.75 0.00 -1.00 0.00 0.50 0.00 0.32 0.30 0.79
0.75 0.00 0.00 -0.00 -0.50 0.00 0.37 0.30 0.10
0.25 0.00 0.00 -0.00 -0.50 0.00 0.57 0.64 0.26
0.25 0.00 -1.00 -0.00 -0.50 0.00 0.26 0.35 0.98
0.75 0.00 0.00 0.00 -0.50 -0.00 0.82 0.32 0.07
0.25 0.00 -1.00 0.00 -0.50 -0.00 0.20 0.78 0.34
0.75 0.00 -1.00 0.00 -0.50 -0.00 0.84 0.37 0.43
-0.50 0.00 -1.00 -0.00 1.50 0.00 0.39 0.58 0.36
0.50 0.00 -1.00 -0.00 1.50 0.00 0.80 0.67 0.44
0.50 0.00 -2.50 -0.00 1.50 0.00 0.93 0.35 0.98
-0.50 0.00 -1.00 0.00 1.50 0.00 0.22 0.14 0.34
0.50 0.00 -2.50 0.00 1.50 0.00 0.52 0.24 0.67
-0.50 0.00 -2.50 0.00 1.50 0.00 0.17 0.50 0.04
-1.00 0.00 -2.50 -0.00 3.00 0.00 0.51 0.48 0.61
1.00 0.00 -2.50 -0.00 3.00 0.00 0.83 0.55 0.87
1.00 0.00 -4.00 -0.00 3.00 0.00 0.61 0.89 0.69
-1.00 0.00 -2.50 0.00 3.00 0.00 0.98 0.32 0.89
1.00 0.00 -4.00 0.00 3.00 0.00 0.56 0.67 0.73
-1.00 0.00 -4.00 0.00 3.00 0.00 0.23 0.12 0.12
0.50 0.00 -1.00 1.50 0.00 0.00 0.58 0.10 0.93
0.50 0.00 -2.50 1.50 0.00 0.00 0.72 0.44 0.85
0.50 1.00 -2.50 1.50 0.00 0.00 0.95 0.10 0.07
0.50 0.00 -1.00 0.52 -0.00 0.00 0.46 0.14 0.60
0.50 1.00 -2.50 0.52 -0.00 0.00 0.94 0.75 0.76
0.50 0.35 -1.00 0.52 -0.00 0.00 0.48 0.63 0.28
-0.50 0.00 -1.00 1.50 0.00 0.00 0.37 0.32 0.11
-0.50 0.00 -2.50 1.50 0.00 0.00 0.69 0.21 0.72
-0.50 1.00 -2.50 1.50 0.00 0.00 0.36 0.95 0.71
-0.50 0.00 -1.00 0.52 -0.00 0.00 0.48 0.07 0.27
-0.50 1.00 -2.50 0.52 -0.00 0.00 0.57 1.00 0.50
-0.50 0.35 -1.00 0.52 -0.00 0.00 0.01 0.85 0.07
0.75 0.00 0.00 0.40 0.00 0.00 0.11 0.92 0.79
0.75 0.00 -1.00 0.40 0.00 0.00 0.25 0.52 0.74
0.75 0.40 -1.00 0.40 0.00 0.00 0.01 0.28 0.20
0.75 0.00 0.00 0.30 -0.00 0.00 0.63 0.56 0.14
0.75 0.40 -1.00 0.30 -0.00 0.00 0.96 0.67 0.62
0.75 0.30 0.00 0.30 -0.00 0.00 0.17 0.39 0.99
0.25 0.00 0.00 0.40 0.00 0.00 0.11 0.10 0.68
0.25 0.00 -1.00 0.40 0.00 0.00 0.18 0.37 0.05
0.25 0.40 -1.00 0.40 0.00 0.00 0.18 0.87 0.53
0.25 0.00 0.00 0.30 -0.00 0.00 0.03 0.94 0.10
0.25 0.40 -1.00 0.30 -0.00 0.00 0.95 0.73 0.11
0.25 0.30 0.00 0.30 -0.00 0.00 0.47 0.48 0.22
-0.75 0.00 0.00 0.40 0.00 0.00 0.75 0.68 0.47
-0.75 0.00 -1.00 0.40 0.00 0.00 0.31 0.82 0.48
-0.75 0.40 -1.00 0.40 0.00 0.00 0.98 0.44 0.11
-0.75 0.00 0.00 0.30 -0.00 0.00 0.37 0.44 0.07
-0.75 0.40 -1.00 0.30 -0.00 0.00 0.47 0.12 0.24
-0.75 0.30 0.00 0.30 -0.00 0.00 0.84 0.17 0.35
-0.25 0.00 0.00 0.40 0.00 0.00 0.70 0.70 0.54
-0.25 0.00 -1.00 0.40 0.00 0.00 0.64 0.80 0.71
-0.25 0.40 -1.00 0.40 0.00 0.00 0.38 0.91 0.74
-0.25 0.00 0.00 0.30 -0.00 0.00 0.85 0.13 0.69
-0.25 0.40 -1.00 0.30 -0.00 0.00 0.53 0.60 0.15
-0.25 0.30 0.00 0.30 -0.00 0.00 0.35 0.08 0.90
1.00 0.00 -2.50 0.62 0.25 0.00 0.79 0.20 0.21
1.00 0.00 -3.00 0.62 0.25 0.00 0.23 0.27 0.19
0.50 1.25 -3.00 0.62 0.25 0.00 0.35 0.50 0.56
1.00 0.00 -2.50 0.50 0.25 0.12 0.52 0.86 0.03
0.50 1.25 -3.00 0.50 0.25 0.12 0.21 0.39 0.87
0.50 1.00 -2.50 0.50 0.25 0.12 0.01 0.11 0.57
-1.00 0.00 -2.50 0.62 -0.25 0.00 0.92 0.85 0.22
-1.00 0.00 -3.00 0.62 -0.25 0.00 0.04 0.53 0.59
-0.50 1.25 -3.00 0.62 -0.25 0.00 0.65 0.69 0.44
-1.00 0.00 -2.50 0.50 -0.25 -0.12 0.73 0.59 0.97
-0.50 1.25 -3.00 0.50 -0.25 -0.12 0.92 0.80 0.32
-0.50 1.00 -2.50 0.50 -0.25 -0.12 0.19 0.99 0.11
1.00 0.00 -3.00 1.25 0.50 0.00 0.69 0.55 0.34
1.00 0.00 -4.00 1.25 0.50 0.00 0.55 0.58 0.68
0.50 1.25 -4.00 1.25 0.50 0.00 0.94 0.45 0.20
1.00 0.00 -3.00 1.25 0.50 0.00 0.05 0.02 0.42
0.50 1.25 -4.00 1.25 0.50 0.00 0.89 0.24 0.42
0.50 1.25 -3.00 1.25 0.50 0.00 0.42 0.84 0.34
-1.00 0.00 -3.00 1.25 -0.50 0.00 0.11 0.28 0.38
-1.00 0.00 -4.00 1.25 -0.50 0.00 0.70 0.26 0.03
-0.50 1.25 -4.00 1.25 -0.50 0.00 0.51 0.58 0.75
-1.00 0.00 -3.00 1.25 -0.50 0.00 0.50 0.68 0.68
-0.50 1.25 -4.00 1.25 -0.50 0.00 0.05 0.02 0.86
-0.50 1.25 -3.00 1.25 -0.50 0.00 0.63 0.71 0.56
0.50 0.35 -1.00 0.00 2.00 0.90 0.08 0.91 0.11
0.50 1.25 -3.00 0.00 2.00 0.90 0.10 0.32 0.05
-0.50 1.25 -3.00 0.00 2.00 0.90 0.35 0.75 0.09
0.50 0.35 -1.00 0.00 2.00 0.90 0.19 0.09 0.98
-0.50 1.25 -3.00 0.00 2.00 0.90 0.47 0.47 0.41
-0.50 0.35 -1.00 0.00 2.00 0.90 0.72 0.50 0.52
0.50 1.25 -3.00 0.00 1.00 0.00 0.30 0.25 0.22
0.50 1.25 -4.00 0.00 1.00 0.00 0.98 0.93 0.73
-0.50 1.25 -4.00 0.00 1.00 0.00 0.00 0.79 0.23
0.50 1.25 -3.00 0.00 1.00 0.00 0.71 0.35 0.28
-0.50 1.25 -4.00 0.00 1.00 0.00 0.62 0.45 0.91
-0.50 1.25 -3.00 0.00 1.00 0.00 0.94 0.50 0.98
0.50 0.00 -1.00 0.00 -0.00 0.25 0.69 0.59 0.09
0.50 0.25 -1.00 0.00 -0.00 0.25 0.77 0.57 0.44
-0.50 0.25 -1.00 0.00 -0.00 0.25 0.24 0.98 0.62
0.50 0.00 -1.00 0.00 0.00 0.25 0.73 0.49 0.09
-0.50 0.25 -1.00 0.00 0.00 0.25 0.98 0.72 0.82
-0.50 0.00 -1.00 0.00 0.00 0.25 0.91 0.45 0.12
1.00 0.00 -4.00 0.00 0.00 1.25 0.70 0.67 0.10
0.50 1.25 -4.00 0.00 0.00 1.25 0.05 0.95 0.11
-0.50 1.25 -4.00 0.00 0.00 1.25 0.50 0.85 0.82
1.00 0.00 -4.00 0.00 0.00 2.50 0.00 0.84 0.43
-0.50 1.25 -4.00 0.00 0.00 2.50 0.59 0.93 0.37
-1.00 0.00 -4.00 0.00 0.00 2.50 0.16 0.37 0.06
1.00 0.00 -2.50 0.00 0.00 1.00 0.14 0.99 0.83
0.50 1.00 -2.50 0.00 0.00 1.00 0.63 0.08 0.07
-0.50 1.00 -2.50 0.00 0.00 1.00 0.35 0.90 0.80
1.00 0.00 -2.50 0.00 0.00 2.00 0.79 0.02 0.79
-0.50 1.00 -2.50 0.00 0.00 2.00 0.47 0.12 0.70
-1.00 0.00 -2.50 0.00 0.00 2.00 0.42 0.22 0.40
0.25 0.00 -1.00 0.00 0.00 0.20 0.27 0.04 0.44
0.75 0.00 -1.00 0.00 0.00 0.20 0.11 0.47 0.95
0.75 0.40 -1.00 0.00 0.00 0.20 0.04 0.85 0.95
0.25 0.00 -1.00 0.00 0.00 0.20 0.40 0.90 0.54
0.75 0.40 -1.00 0.00 0.00 0.20 0.39 0.73 0.70
0.25 0.40 -1.00 0.00 0.00 0.20 0.48 0.80 0.84
-0.25 0.00 -1.00 0.00 0.00 -0.20 0.38 0.61 0.47
-0.75 0.00 -1.00 0.00 0.00 -0.20 0.40 0.39 0.82
-0.75 0.40 -1.00 0.00 0.00 -0.20 0.51 0.09 0.61
-0.25 0.00 -1.00 0.00 0.00 -0.20 0.74 0.48 0.08
-0.75 0.40 -1.00 0.00 0.00 -0.20 0.78 0.93 0.49
-0.25 0.40 -1.00 0.00 0.00 -0.20 0.25 0.87 0.76
0.25 1.25 -3.00 0.50 0.00 0.00 0.09 0.82 0.87
0.25 1.25 -4.00 0.50 0.00 0.00 1.00 0.35 0.91
0.25 1.75 -4.00 0.50 0.00 0.00 0.73 0.05 0.31
0.25 1.25 -3.00 0.40 -0.00 0.00 0.54 0.89 0.71
0.25 1.75 -4.00 0.40 -0.00 0.00 0.14 0.36 0.19
0.25 1.65 -3.00 0.40 -0.00 0.00 0.53 0.17 0.56
-0.25 1.25 -3.00 0.50 0.00 0.00 0.62 0.78 0.96
-0.25 1.25 -4.00 0.50 0.00 0.00 0.11 0.86 0.47
-0.25 1.75 -4.00 0.50 0.00 0.00 0.03 0.35 0.21
-0.25 1.25 -3.00 0.40 -0.00 0.00 0.91 0.11 0.98
-0.25 1.75 -4.00 0.40 -0.00 0.00 0.72 0.98 0.23
-0.25 1.65 -3.00 0.40 -0.00 0.00 0.08 0.89 0.33
