3.500 0.000 0.000 0.851 0.090 0.480 1.000 0.841 -1.317 0.000 -0.084
3.472 0.000 0.439 0.168 0.637 0.274 0.996 0.861 -1.317 0.000 -0.084
3.472 3.000 0.439 0.518 0.280 0.952 0.996 0.861 -1.317 0.000 -0.084
3.500 0.000 0.000 0.635 0.213 0.257 1.000 0.841 -1.317 0.000 -0.084
3.472 3.000 0.439 0.266 0.632 0.863 0.996 0.861 -1.317 0.000 -0.084
3.500 3.000 0.000 0.505 0.351 0.629 1.000 0.841 -1.317 0.000 -0.084
3.472 0.000 0.439 0.253 0.502 0.083 0.996 0.861 -1.293 0.000 -0.246
3.390 0.000 0.870 0.318 0.060 0.626 0.984 0.880 -1.293 0.000 -0.246
3.390 3.000 0.870 0.317 0.157 0.625 0.984 0.880 -1.293 0.000 -0.246
3.472 0.000 0.439 0.834 0.016 0.184 0.996 0.861 -1.293 0.000 -0.246
3.390 3.000 0.870 0.924 0.849 0.917 0.984 0.880 -1.293 0.000 -0.246
3.472 3.000 0.439 0.913 0.475 0.120 0.996 0.861 -1.293 0.000 -0.246
3.390 0.000 0.870 0.193 0.428 0.289 0.984 0.880 -1.254 0.000 -0.408
3.254 0.000 1.288 0.758 0.037 0.159 0.965 0.899 -1.254 0.000 -0.408
3.254 3.000 1.288 0.742 0.900 0.146 0.965 0.899 -1.254 0.000 -0.408
3.390 0.000 0.870 0.093 0.881 0.764 0.984 0.880 -1.254 0.000 -0.408
3.254 3.000 1.288 0.596 0.964 0.270 0.965 0.899 -1.254 0.000 -0.408
3.390 3.000 0.870 0.008 0.591 0.875 0.984 0.880 -1.254 0.000 -0.408
3.254 0.000 1.288 0.517 0.568 0.193 0.965 0.899 -1.194 0.000 -0.561
3.067 0.000 1.686 0.534 0.752 0.511 0.938 0.918 -1.194 0.000 -0.561
3.067 3.000 1.686 0.383 0.021 0.697 0.938 0.918 -1.194 0.000 -0.561
3.254 0.000 1.288 0.210 0.142 0.973 0.965 0.899 -1.194 0.000 -0.561
3.067 3.000 1.686 0.638 0.783 0.886 0.938 0.918 -1.194 0.000 -0.561
3.254 3.000 1.288 0.675 0.294 0.431 0.965 0.899 -1.194 0.000 -0.561
3.067 0.000 1.686 0.575 0.440 0.189 0.938 0.918 -1.113 0.000 -0.705
2.832 0.000 2.057 0.809 0.204 0.283 0.905 0.934 -1.113 0.000 -0.705
2.832 3.000 2.057 0.125 0.826 0.377 0.905 0.934 -1.113 0.000 -0.705
3.067 0.000 1.686 0.716 0.054 0.325 0.938 0.918 -1.113 0.000 -0.705
2.832 3.000 2.057 0.636 0.247 0.685 0.905 0.934 -1.113 0.000 -0.705
3.067 3.000 1.686 0.389 0.110 0.202 0.938 0.918 -1.113 0.000 -0.705
2.832 0.000 2.057 0.410 0.807 0.736 0.905 0.934 -1.017 0.000 -0.843
2.551 0.000 2.396 0.904 0.780 0.471 0.864 0.950 -1.017 0.000 -0.843
2.551 3.000 2.396 0.687 0.018 0.682 0.864 0.950 -1.017 0.000 -0.843
2.832 0.000 2.057 0.981 0.449 0.320 0.905 0.934 -1.017 0.000 -0.843
2.551 3.000 2.396 0.773 0.990 0.348 0.864 0.950 -1.017 0.000 -0.843
2.832 3.000 2.057 0.978 0.274 0.275 0.905 0.934 -1.017 0.000 -0.843
2.551 0.000 2.396 0.156 0.003 0.084 0.864 0.950 -0.903 0.000 -0.960
2.231 0.000 2.697 0.210 0.328 0.210 0.819 0.963 -0.903 0.000 -0.960
2.231 3.000 2.697 0.810 0.013 0.278 0.819 0.963 -0.903 0.000 -0.960
2.551 0.000 2.396 0.920 0.215 0.915 0.864 0.950 -0.903 0.000 -0.960
2.231 3.000 2.697 0.080 0.304 0.304 0.819 0.963 -0.903 0.000 -0.960
2.551 3.000 2.396 0.860 0.127 0.066 0.864 0.950 -0.903 0.000 -0.960
2.231 0.000 2.697 0.231 0.161 0.971 0.819 0.963 -0.774 0.000 -1.068
1.875 0.000 2.955 0.680 0.834 0.010 0.768 0.975 -0.774 0.000 -1.068
1.875 3.000 2.955 0.671 0.182 0.992 0.768 0.975 -0.774 0.000 -1.068
2.231 0.000 2.697 0.945 0.457 0.765 0.819 0.963 -0.774 0.000 -1.068
1.875 3.000 2.955 0.948 0.542 0.095 0.768 0.975 -0.774 0.000 -1.068
2.231 3.000 2.697 0.628 0.104 0.604 0.819 0.963 -0.774 0.000 -1.068
1.875 0.000 2.955 0.641 0.382 0.814 0.768 0.975 -0.636 0.000 -1.155
1.490 0.000 3.167 0.208 0.297 0.624 0.713 0.985 -0.636 0.000 -1.155
1.490 3.000 3.167 0.864 0.953 0.897 0.713 0.985 -0.636 0.000 -1.155
1.875 0.000 2.955 0.992 0.372 0.977 0.768 0.975 -0.636 0.000 -1.155
1.490 3.000 3.167 0.153 0.343 0.189 0.713 0.985 -0.636 0.000 -1.155
1.875 3.000 2.955 0.987 0.705 0.420 0.768 0.975 -0.636 0.000 -1.155
1.490 0.000 3.167 0.521 0.697 0.101 0.713 0.985 -0.486 0.000 -1.224
1.082 0.000 3.329 0.979 0.815 0.124 0.655 0.992 -0.486 0.000 -1.224
1.082 3.000 3.329 0.873 0.262 0.421 0.655 0.992 -0.486 0.000 -1.224
1.490 0.000 3.167 0.977 0.866 0.369 0.713 0.985 -0.486 0.000 -1.224
1.082 3.000 3.329 0.359 0.033 0.349 0.655 0.992 -0.486 0.000 -1.224
1.490 3.000 3.167 0.009 0.009 0.342 0.713 0.985 -0.486 0.000 -1.224
1.082 0.000 3.329 0.314 0.906 0.550 0.655 0.992 -0.327 0.000 -1.278
0.656 0.000 3.438 0.686 0.235 0.767 0.594 0.997 -0.327 0.000 -1.278
0.656 3.000 3.438 0.381 0.425 0.759 0.594 0.997 -0.327 0.000 -1.278
1.082 0.000 3.329 0.087 0.197 0.264 0.655 0.992 -0.327 0.000 -1.278
0.656 3.000 3.438 0.784 0.650 0.604 0.594 0.997 -0.327 0.000 -1.278
1.082 3.000 3.329 0.951 0.774 0.125 0.655 0.992 -0.327 0.000 -1.278
0.656 0.000 3.438 0.214 0.195 0.104 0.594 0.997 -0.165 0.000 -1.308
0.220 0.000 3.493 0.432 0.916 0.329 0.531 1.000 -0.165 0.000 -1.308
0.220 3.000 3.493 0.465 0.265 0.306 0.531 1.000 -0.165 0.000 -1.308
0.656 0.000 3.438 0.475 0.607 0.018 0.594 0.997 -0.165 0.000 -1.308
0.220 3.000 3.493 0.733 0.510 0.027 0.531 1.000 -0.165 0.000 -1.308
0.656 3.000 3.438 0.969 0.277 0.341 0.594 0.997 -0.165 0.000 -1.308
0.220 0.000 3.493 0.746 0.388 0.380 0.531 1.000 0.000 0.000 -1.320
-0.220 0.000 3.493 0.943 0.652 0.761 0.469 1.000 0.000 0.000 -1.320
-0.220 3.000 3.493 0.594 0.608 0.848 0.469 1.000 0.000 0.000 -1.320
0.220 0.000 3.493 0.720 0.734 0.985 0.531 1.000 0.000 0.000 -1.320
-0.220 3.000 3.493 0.268 0.190 0.288 0.469 1.000 0.000 0.000 -1.320
0.220 3.000 3.493 0.184 0.520 0.854 0.531 1.000 0.000 0.000 -1.320
-0.220 0.000 3.493 0.802 0.178 0.287 0.469 1.000 0.165 0.000 -1.308
-0.656 0.000 3.438 0.761 0.196 0.752 0.406 0.997 0.165 0.000 -1.308
-0.656 3.000 3.438 0.271 0.575 0.579 0.406 0.997 0.165 0.000 -1.308
-0.220 0.000 3.493 0.900 0.269 0.313 0.469 1.000 0.165 0.000 -1.308
-0.656 3.000 3.438 0.288 0.649 0.634 0.406 0.997 0.165 0.000 -1.308
-0.220 3.000 3.493 0.293 0.410 0.380 0.469 1.000 0.165 0.000 -1.308
-0.656 0.000 3.438 0.901 0.611 0.323 0.406 0.997 0.327 0.000 -1.278
-1.082 0.000 3.329 0.635 0.948 0.269 0.345 0.992 0.327 0.000 -1.278
-1.082 3.000 3.329 0.178 0.236 0.342 0.345 0.992 0.327 0.000 -1.278
-0.656 0.000 3.438 0.698 0.091 0.610 0.406 0.997 0.327 0.000 -1.278
-1.082 3.000 3.329 0.876 0.730 0.794 0.345 0.992 0.327 0.000 -1.278
-0.656 3.000 3.438 0.425 0.834 0.948 0.406 0.997 0.327 0.000 -1.278
-1.082 0.000 3.329 0.000 0.414 0.710 0.345 0.992 0.486 0.000 -1.224
-1.490 0.000 3.167 0.269 0.079 0.981 0.287 0.985 0.486 0.000 -1.224
-1.490 3.000 3.167 0.918 0.713 0.234 0.287 0.985 0.486 0.000 -1.224
-1.082 0.000 3.329 0.681 0.093 0.522 0.345 0.992 0.486 0.000 -1.224
-1.490 3.000 3.167 0.644 0.768 0.815 0.287 0.985 0.486 0.000 -1.224
-1.082 3.000 3.329 0.944 0.038 0.069 0.345 0.992 0.486 0.000 -1.224
-1.490 0.000 3.167 0.180 0.380 0.056 0.287 0.985 0.636 0.000 -1.155
-1.875 0.000 2.955 0.623 0.342 0.234 0.232 0.975 0.636 0.000 -1.155
-1.875 3.000 2.955 0.353 0.488 0.932 0.232 0.975 0.636 0.000 -1.155
-1.490 0.000 3.167 0.188 0.437 0.161 0.287 0.985 0.636 0.000 -1.155
-1.875 3.000 2.955 0.954 0.147 0.938 0.232 0.975 0.636 0.000 -1.155
-1.490 3.000 3.167 0.033 0.480 0.938 0.287 0.985 0.636 0.000 -1.155
-1.875 0.000 2.955 0.098 0.714 0.208 0.232 0.975 0.774 0.000 -1.068
-2.231 0.000 2.697 0.191 0.589 0.478 0.181 0.963 0.774 0.000 -1.068
-2.231 3.000 2.697 0.959 0.756 0.511 0.181 0.963 0.774 0.000 -1.068
-1.875 0.000 2.955 0.349 0.825 0.507 0.232 0.975 0.774 0.000 -1.068
-2.231 3.000 2.697 0.081 0.882 0.451 0.181 0.963 0.774 0.000 -1.068
-1.875 3.000 2.955 0.423 0.468 0.632 0.232 0.975 0.774 0.000 -1.068
-2.231 0.000 2.697 0.264 0.753 0.607 0.181 0.963 0.903 0.000 -0.960
-2.551 0.000 2.396 0.701 0.914 0.313 0.136 0.950 0.903 0.000 -0.960
-2.551 3.000 2.396 0.200 0.852 0.501 0.136 0.950 0.903 0.000 -0.960
-2.231 0.000 2.697 0.032 0.142 0.807 0.181 0.963 0.903 0.000 -0.960
-2.551 3.000 2.396 0.099 0.702 0.840 0.136 0.950 0.903 0.000 -0.960
-2.231 3.000 2.697 0.688 0.181 0.938 0.181 0.963 0.903 0.000 -0.960
-2.551 0.000 2.396 0.796 0.044 0.481 0.136 0.950 1.017 0.000 -0.843
-2.832 0.000 2.057 0.974 0.552 0.792 0.095 0.934 1.017 0.000 -0.843
-2.832 3.000 2.057 0.856 0.003 0.494 0.095 0.934 1.017 0.000 -0.843
-2.551 0.000 2.396 0.324 0.987 0.927 0.136 0.950 1.017 0.000 -0.843
-2.832 3.000 2.057 0.429 0.595 0.351 0.095 0.934 1.017 0.000 -0.843
-2.551 3.000 2.396 0.343 0.260 0.967 0.136 0.950 1.017 0.000 -0.843
-2.832 0.000 2.057 0.547 0.113 0.668 0.095 0.934 1.113 0.000 -0.705
-3.067 0.000 1.686 0.042 0.920 0.868 0.062 0.918 1.113 0.000 -0.705
-3.067 3.000 1.686 0.744 0.112 0.252 0.062 0.918 1.113 0.000 -0.705
-2.832 0.000 2.057 0.277 0.402 0.351 0.095 0.934 1.113 0.000 -0.705
-3.067 3.000 1.686 0.322 0.883 0.039 0.062 0.918 1.113 0.000 -0.705
-2.832 3.000 2.057 0.226 0.027 0.836 0.095 0.934 1.113 0.000 -0.705
-3.067 0.000 1.686 0.229 0.521 0.810 0.062 0.918 1.194 0.000 -0.561
-3.254 0.000 1.288 0.569 0.449 0.018 0.035 0.899 1.194 0.000 -0.561
-3.254 3.000 1.288 0.516 0.152 0.694 0.035 0.899 1.194 0.000 -0.561
-3.067 0.000 1.686 0.776 0.119 0.124 0.062 0.918 1.194 0.000 -0.561
-3.254 3.000 1.288 0.889 0.139 0.819 0.035 0.899 1.194 0.000 -0.561
-3.067 3.000 1.686 0.809 0.359 0.719 0.062 0.918 1.194 0.000 -0.561
-3.254 0.000 1.288 0.921 0.611 0.761 0.035 0.899 1.254 0.000 -0.408
-3.390 0.000 0.870 0.675 0.963 0.857 0.016 0.880 1.254 0.000 -0.408
-3.390 3.000 0.870 0.558 0.002 0.135 0.016 0.880 1.254 0.000 -0.408
-3.254 0.000 1.288 0.937 0.190 0.809 0.035 0.899 1.254 0.000 -0.408
-3.390 3.000 0.870 0.459 0.352 0.035 0.016 0.880 1.254 0.000 -0.408
-3.254 3.000 1.288 0.260 0.722 0.616 0.035 0.899 1.254 0.000 -0.408
-3.390 0.000 0.870 0.412 0.769 0.185 0.016 0.880 1.293 0.000 -0.246
-3.472 0.000 0.439 0.883 0.893 0.701 0.004 0.861 1.293 0.000 -0.246
-3.472 3.000 0.439 0.022 0.064 0.477 0.004 0.861 1.293 0.000 -0.246
-3.390 0.000 0.870 0.381 0.135 0.366 0.016 0.880 1.293 0.000 -0.246
-3.472 3.000 0.439 0.992 0.248 0.527 0.004 0.861 1.293 0.000 -0.246
-3.390 3.000 0.870 0.307 0.106 0.800 0.016 0.880 1.293 0.000 -0.246
-3.472 0.000 0.439 0.310 0.593 0.475 0.004 0.861 1.317 0.000 -0.084
-3.500 0.000 -0.000 0.852 0.402 0.385 0.000 0.841 1.317 0.000 -0.084
-3.500 3.000 -0.000 0.557 0.789 0.323 0.000 0.841 1.317 0.000 -0.084
-3.472 0.000 0.439 0.279 0.405 0.782 0.004 0.861 1.317 0.000 -0.084
-3.500 3.000 -0.000 0.048 0.943 0.394 0.000 0.841 1.317 0.000 -0.084
-3.472 3.000 0.439 0.293 0.644 0.158 0.004 0.861 1.317 0.000 -0.084
-3.500 0.000 -0.000 0.358 0.474 0.041 0.000 0.841 16.500 0.000 0.000
-3.500 0.000 -5.500 0.845 0.192 0.415 0.000 0.591 16.500 0.000 0.000
-3.500 3.000 -5.500 0.094 0.072 0.148 0.000 0.591 16.500 0.000 0.000
-3.500 0.000 -0.000 0.200 0.872 0.140 0.000 0.841 16.500 -0.000 0.000
-3.500 3.000 -5.500 0.793 0.348 0.448 0.000 0.591 16.500 -0.000 0.000
-3.500 3.000 -0.000 0.195 0.733 0.110 0.000 0.841 16.500 -0.000 0.000
-3.500 0.000 -5.500 0.336 0.056 0.314 0.000 0.591 3.000 0.000 3.000
-2.500 0.000 -6.500 0.741 0.190 0.871 0.143 0.545 3.000 0.000 3.000
-2.500 3.000 -6.500 0.684 0.584 0.151 0.143 0.545 3.000 0.000 3.000
-3.500 0.000 -5.500 0.681 0.742 0.199 0.000 0.591 3.000 -0.000 3.000
-2.500 3.000 -6.500 0.507 0.135 0.845 0.143 0.545 3.000 -0.000 3.000
-3.500 3.000 -5.500 0.699 0.550 0.203 0.000 0.591 3.000 -0.000 3.000
-2.500 0.000 -6.500 0.771 0.698 0.048 0.143 0.545 27.000 0.000 0.000
-2.500 0.000 -15.500 0.644 0.191 0.494 0.143 0.136 27.000 0.000 0.000
-2.500 3.000 -15.500 0.344 0.991 0.694 0.143 0.136 27.000 0.000 0.000
-2.500 0.000 -6.500 0.429 0.453 0.839 0.143 0.545 27.000 -0.000 0.000
-2.500 3.000 -15.500 0.486 0.767 0.386 0.143 0.136 27.000 -0.000 0.000
-2.500 3.000 -6.500 0.028 0.639 0.722 0.143 0.545 27.000 -0.000 0.000
-2.500 0.000 -15.500 0.965 0.142 0.464 0.143 0.136 0.000 0.000 -3.000
-3.500 0.000 -15.500 0.059 0.693 0.500 0.000 0.136 0.000 0.000 -3.000
-3.500 3.000 -15.500 0.195 0.538 0.181 0.000 0.136 0.000 0.000 -3.000
-2.500 0.000 -15.500 0.097 0.093 0.688 0.143 0.136 0.000 0.000 -3.000
-3.500 3.000 -15.500 0.148 0.494 0.740 0.000 0.136 0.000 0.000 -3.000
-2.500 3.000 -15.500 0.339 0.988 0.863 0.143 0.136 0.000 0.000 -3.000
-3.500 0.000 -15.500 0.682 0.035 0.507 0.000 0.136 6.000 0.000 0.000
-3.500 0.000 -17.500 0.135 0.874 0.203 0.000 0.045 6.000 0.000 0.000
-3.500 3.000 -17.500 0.254 0.261 0.633 0.000 0.045 6.000 0.000 0.000
-3.500 0.000 -15.500 0.245 0.335 0.471 0.000 0.136 6.000 -0.000 0.000
-3.500 3.000 -17.500 0.387 0.799 0.499 0.000 0.045 6.000 -0.000 0.000
-3.500 3.000 -15.500 0.433 0.652 0.816 0.000 0.136 6.000 -0.000 0.000
-3.500 0.000 -17.500 0.971 0.833 0.876 0.000 0.045 0.000 0.000 3.000
-2.500 0.000 -17.500 0.417 0.874 0.423 0.143 0.045 0.000 0.000 3.000
-2.500 3.000 -17.500 0.263 0.966 0.520 0.143 0.045 0.000 0.000 3.000
-3.500 0.000 -17.500 0.251 0.829 0.668 0.000 0.045 0.000 0.000 3.000
-2.500 3.000 -17.500 0.638 0.689 0.359 0.143 0.045 0.000 0.000 3.000
-3.500 3.000 -17.500 0.513 0.892 0.041 0.000 0.045 0.000 0.000 3.000
-2.500 0.000 -17.500 0.126 0.525 0.528 0.143 0.045 3.000 0.000 0.000
-2.500 0.000 -18.500 0.461 0.996 0.783 0.143 0.000 3.000 0.000 0.000
-2.500 3.000 -18.500 0.613 0.848 0.380 0.143 0.000 3.000 0.000 0.000
-2.500 0.000 -17.500 0.265 0.664 0.768 0.143 0.045 3.000 -0.000 0.000
-2.500 3.000 -18.500 0.450 0.892 0.553 0.143 0.000 3.000 -0.000 0.000
-2.500 3.000 -17.500 0.324 0.315 0.876 0.143 0.045 3.000 -0.000 0.000
-2.500 0.000 -18.500 0.642 0.188 0.293 0.143 0.000 0.000 0.000 15.000
2.500 0.000 -18.500 0.472 0.856 0.908 0.857 0.000 0.000 0.000 15.000
2.500 3.000 -18.500 0.161 0.568 0.160 0.857 0.000 0.000 0.000 15.000
-2.500 0.000 -18.500 0.053 0.609 0.798 0.143 0.000 0.000 0.000 15.000
2.500 3.000 -18.500 0.931 0.490 0.663 0.857 0.000 0.000 0.000 15.000
-2.500 3.000 -18.500 0.279 0.273 0.141 0.143 0.000 0.000 0.000 15.000
2.500 0.000 -18.500 0.127 0.005 0.603 0.857 0.000 -3.000 0.000 0.000
2.500 0.000 -17.500 0.144 0.773 0.216 0.857 0.045 -3.000 0.000 0.000
2.500 3.000 -17.500 0.388 0.678 0.833 0.857 0.045 -3.000 0.000 0.000
2.500 0.000 -18.500 0.704 0.555 0.283 0.857 0.000 -3.000 0.000 0.000
2.500 3.000 -17.500 0.244 0.200 0.960 0.857 0.045 -3.000 0.000 0.000
2.500 3.000 -18.500 0.452 0.109 0.602 0.857 0.000 -3.000 0.000 0.000
2.500 0.000 -17.500 0.020 0.621 0.074 0.857 0.045 0.000 0.000 3.000
3.500 0.000 -17.500 0.982 0.771 0.235 1.000 0.045 0.000 0.000 3.000
3.500 3.000 -17.500 0.472 0.435 0.641 1.000 0.045 0.000 0.000 3.000
2.500 0.000 -17.500 0.097 0.576 0.572 0.857 0.045 0.000 0.000 3.000
3.500 3.000 -17.500 0.102 0.531 0.851 1.000 0.045 0.000 0.000 3.000
2.500 3.000 -17.500 0.228 0.099 0.331 0.857 0.045 0.000 0.000 3.000
3.500 0.000 -17.500 0.906 0.932 0.827 1.000 0.045 -6.000 0.000 0.000
3.500 0.000 -15.500 0.813 0.216 0.215 1.000 0.136 -6.000 0.000 0.000
3.500 3.000 -15.500 0.014 0.176 0.271 1.000 0.136 -6.000 0.000 0.000
3.500 0.000 -17.500 0.123 0.130 0.867 1.000 0.045 -6.000 0.000 0.000
3.500 3.000 -15.500 0.096 0.205 0.320 1.000 0.136 -6.000 0.000 0.000
3.500 3.000 -17.500 0.867 0.792 0.340 1.000 0.045 -6.000 0.000 0.000
3.500 0.000 -15.500 0.654 0.433 0.322 1.000 0.136 0.000 0.000 -3.000
2.500 0.000 -15.500 0.583 0.357 0.794 0.857 0.136 0.000 0.000 -3.000
2.500 3.000 -15.500 0.114 0.561 0.891 0.857 0.136 0.000 0.000 -3.000
3.500 0.000 -15.500 0.214 0.244 0.346 1.000 0.136 0.000 0.000 -3.000
2.500 3.000 -15.500 0.498 0.071 0.574 0.857 0.136 0.000 0.000 -3.000
3.500 3.000 -15.500 0.714 0.638 0.480 1.000 0.136 0.000 0.000 -3.000
2.500 0.000 -15.500 0.242 0.262 0.294 0.857 0.136 -27.000 0.000 0.000
2.500 0.000 -6.500 0.725 0.129 0.660 0.857 0.545 -27.000 0.000 0.000
2.500 3.000 -6.500 0.930 0.449 0.135 0.857 0.545 -27.000 0.000 0.000
2.500 0.000 -15.500 0.074 0.142 0.231 0.857 0.136 -27.000 0.000 0.000
2.500 3.000 -6.500 0.860 0.464 0.098 0.857 0.545 -27.000 0.000 0.000
2.500 3.000 -15.500 0.217 0.611 0.105 0.857 0.136 -27.000 0.000 0.000
2.500 0.000 -6.500 0.130 0.854 0.688 0.857 0.545 -3.000 0.000 3.000
3.500 0.000 -5.500 0.374 0.200 0.802 1.000 0.591 -3.000 0.000 3.000
3.500 3.000 -5.500 0.797 0.774 0.368 1.000 0.591 -3.000 0.000 3.000
2.500 0.000 -6.500 0.788 0.607 0.867 0.857 0.545 -3.000 0.000 3.000
3.500 3.000 -5.500 0.402 0.253 0.933 1.000 0.591 -3.000 0.000 3.000
2.500 3.000 -6.500 0.531 0.265 0.528 0.857 0.545 -3.000 0.000 3.000
3.500 0.000 -5.500 0.333 0.400 0.253 1.000 0.591 -16.500 0.000 0.000
3.500 0.000 0.000 0.827 0.983 0.535 1.000 0.841 -16.500 0.000 0.000
3.500 3.000 0.000 0.291 0.081 0.609 1.000 0.841 -16.500 0.000 0.000
3.500 0.000 -5.500 0.254 0.186 0.469 1.000 0.591 -16.500 0.000 0.000
3.500 3.000 0.000 0.109 0.226 0.039 1.000 0.841 -16.500 0.000 0.000
3.500 3.000 -5.500 0.309 0.029 0.521 1.000 0.591 -16.500 0.000 0.000
3.500 0.000 0.000 0.436 0.749 0.896 1.000 0.841 0.000 -38.500 0.000
-3.500 0.000 -0.000 0.043 0.968 0.045 0.000 0.841 0.000 -38.500 0.000
-3.500 0.000 -5.500 0.648 0.902 0.833 0.000 0.591 0.000 -38.500 0.000
3.500 0.000 0.000 0.913 0.782 0.235 1.000 0.841 0.000 -38.500 -0.000
-3.500 0.000 -5.500 0.313 0.387 0.119 0.000 0.591 0.000 -38.500 -0.000
3.500 0.000 -5.500 0.296 0.922 0.804 1.000 0.591 0.000 -38.500 -0.000
3.500 0.000 -5.500 0.729 0.883 0.631 1.000 0.591 -0.000 -7.000 0.000
-3.500 0.000 -5.500 0.268 0.705 0.274 0.000 0.591 -0.000 -7.000 0.000
-2.500 0.000 -6.500 0.494 0.096 0.529 0.143 0.545 -0.000 -7.000 0.000
3.500 0.000 -5.500 0.875 0.617 0.990 1.000 0.591 0.000 -5.000 0.000
-2.500 0.000 -6.500 0.625 0.865 0.651 0.143 0.545 0.000 -5.000 0.000
2.500 0.000 -6.500 0.593 0.911 0.087 0.857 0.545 0.000 -5.000 0.000
2.500 0.000 -6.500 0.847 0.096 0.482 0.857 0.545 -0.000 -60.000 0.000
-2.500 0.000 -6.500 0.981 0.684 0.482 0.143 0.545 -0.000 -60.000 0.000
-2.500 0.000 -18.500 0.368 0.803 0.395 0.143 0.000 -0.000 -60.000 0.000
2.500 0.000 -6.500 0.642 0.959 0.060 0.857 0.545 0.000 -60.000 -0.000
-2.500 0.000 -18.500 0.526 0.942 0.708 0.143 0.000 0.000 -60.000 -0.000
2.500 0.000 -18.500 0.583 0.216 0.790 0.857 0.000 0.000 -60.000 -0.000
3.500 0.000 -15.500 0.679 0.097 0.410 1.000 0.136 -0.000 -2.000 0.000
2.500 0.000 -15.500 0.648 0.087 0.256 0.857 0.136 -0.000 -2.000 0.000
2.500 0.000 -17.500 0.514 0.739 0.132 0.857 0.045 -0.000 -2.000 0.000
3.500 0.000 -15.500 0.777 0.178 0.109 1.000 0.136 0.000 -2.000 -0.000
2.500 0.000 -17.500 0.873 0.013 0.702 0.857 0.045 0.000 -2.000 -0.000
3.500 0.000 -17.500 0.557 0.495 0.902 1.000 0.045 0.000 -2.000 -0.000
-2.500 0.000 -15.500 0.712 0.891 0.883 0.143 0.136 -0.000 -2.000 0.000
-3.500 0.000 -15.500 0.023 0.303 0.252 0.000 0.136 -0.000 -2.000 0.000
-3.500 0.000 -17.500 0.965 0.364 0.246 0.000 0.045 -0.000 -2.000 0.000
-2.500 0.000 -15.500 0.182 0.154 0.772 0.143 0.136 0.000 -2.000 -0.000
-3.500 0.000 -17.500 0.631 0.564 0.707 0.000 0.045 0.000 -2.000 -0.000
-2.500 0.000 -17.500 0.071 0.820 0.738 0.143 0.045 0.000 -2.000 -0.000
3.500 3.000 0.000 0.162 0.304 0.387 1.000 0.841 0.000 -38.500 0.000
-3.500 3.000 -0.000 0.340 0.413 0.901 0.000 0.841 0.000 -38.500 0.000
-3.500 3.000 -5.500 0.353 0.468 0.678 0.000 0.591 0.000 -38.500 0.000
3.500 3.000 0.000 0.201 0.370 0.903 1.000 0.841 0.000 -38.500 -0.000
-3.500 3.000 -5.500 0.444 0.253 0.813 0.000 0.591 0.000 -38.500 -0.000
3.500 3.000 -5.500 0.747 0.857 0.525 1.000 0.591 0.000 -38.500 -0.000
3.500 3.000 -5.500 0.111 0.104 0.901 1.000 0.591 -0.000 -7.000 0.000
-3.500 3.000 -5.500 0.617 0.228 0.866 0.000 0.591 -0.000 -7.000 0.000
-2.500 3.000 -6.500 0.533 0.288 0.400 0.143 0.545 -0.000 -7.000 0.000
3.500 3.000 -5.500 0.706 0.026 0.032 1.000 0.591 0.000 -5.000 0.000
-2.500 3.000 -6.500 0.010 0.413 0.103 0.143 0.545 0.000 -5.000 0.000
2.500 3.000 -6.500 0.776 0.666 0.265 0.857 0.545 0.000 -5.000 0.000
2.500 3.000 -6.500 0.244 0.696 0.957 0.857 0.545 -0.000 -60.000 0.000
-2.500 3.000 -6.500 0.614 0.600 0.663 0.143 0.545 -0.000 -60.000 0.000
-2.500 3.000 -18.500 0.219 0.413 0.864 0.143 0.000 -0.000 -60.000 0.000
2.500 3.000 -6.500 0.429 0.290 0.308 0.857 0.545 0.000 -60.000 -0.000
-2.500 3.000 -18.500 0.885 0.191 0.407 0.143 0.000 0.000 -60.000 -0.000
2.500 3.000 -18.500 0.465 0.058 0.871 0.857 0.000 0.000 -60.000 -0.000
3.500 3.000 -15.500 0.753 0.810 0.488 1.000 0.136 -0.000 -2.000 0.000
2.500 3.000 -15.500 0.780 0.842 0.374 0.857 0.136 -0.000 -2.000 0.000
2.500 3.000 -17.500 0.545 0.297 0.080 0.857 0.045 -0.000 -2.000 0.000
3.500 3.000 -15.500 0.212 0.562 0.090 1.000 0.136 0.000 -2.000 -0.000
2.500 3.000 -17.500 0.260 0.872 0.218 0.857 0.045 0.000 -2.000 -0.000
3.500 3.000 -17.500 0.860 0.535 0.462 1.000 0.045 0.000 -2.000 -0.000
-2.500 3.000 -15.500 0.625 0.751 0.428 0.143 0.136 -0.000 -2.000 0.000
-3.500 3.000 -15.500 0.268 0.411 0.000 0.000 0.136 -0.000 -2.000 0.000
-3.500 3.000 -17.500 0.459 0.818 0.781 0.000 0.045 -0.000 -2.000 0.000
-2.500 3.000 -15.500 0.869 0.041 0.666 0.143 0.136 0.000 -2.000 -0.000
-3.500 3.000 -17.500 0.680 0.530 0.483 0.000 0.045 0.000 -2.000 -0.000
-2.500 3.000 -17.500 0.874 0.904 0.237 0.143 0.045 0.000 -2.000 -0.000
3.500 0.000 0.000 0.172 0.336 0.369 1.000 0.841 0.000 -0.024 0.000
3.472 0.000 0.439 0.086 0.778 0.266 0.996 0.861 0.000 -0.024 0.000
3.390 0.000 0.870 0.310 0.997 0.830 0.984 0.880 0.000 -0.024 0.000
3.500 0.000 0.000 0.197 0.459 0.091 1.000 0.841 0.000 -0.072 0.000
3.390 0.000 0.870 0.948 0.240 0.303 0.984 0.880 0.000 -0.072 0.000
3.254 0.000 1.288 0.359 0.240 0.929 0.965 0.899 0.000 -0.072 0.000
3.500 0.000 0.000 0.530 0.021 0.197 1.000 0.841 0.000 -0.143 0.000
3.254 0.000 1.288 0.571 0.039 0.008 0.965 0.899 0.000 -0.143 0.000
3.067 0.000 1.686 0.453 0.522 0.230 0.938 0.918 0.000 -0.143 0.000
3.500 0.000 0.000 0.709 0.111 0.262 1.000 0.841 0.000 -0.236 0.000
3.067 0.000 1.686 0.045 0.480 0.136 0.938 0.918 0.000 -0.236 0.000
2.832 0.000 2.057 0.824 0.099 0.660 0.905 0.934 0.000 -0.236 0.000
3.500 0.000 0.000 0.173 0.929 0.747 1.000 0.841 0.000 -0.352 0.000
2.832 0.000 2.057 0.632 0.372 0.409 0.905 0.934 0.000 -0.352 0.000
2.551 0.000 2.396 0.224 0.676 0.607 0.864 0.950 0.000 -0.352 0.000
3.500 0.000 0.000 0.464 0.957 0.555 1.000 0.841 0.000 -0.481 0.000
2.551 0.000 2.396 0.485 0.506 0.267 0.864 0.950 0.000 -0.481 0.000
2.231 0.000 2.697 0.876 0.514 0.797 0.819 0.963 0.000 -0.481 0.000
3.500 0.000 0.000 0.399 0.744 0.720 1.000 0.841 0.000 -0.633 0.000
2.231 0.000 2.697 0.510 0.358 0.174 0.819 0.963 0.000 -0.633 0.000
1.875 0.000 2.955 0.343 0.495 0.883 0.768 0.975 0.000 -0.633 0.000
3.500 0.000 0.000 0.442 0.507 0.281 1.000 0.841 0.000 -0.793 0.000
1.875 0.000 2.955 0.723 0.606 0.457 0.768 0.975 0.000 -0.793 0.000
1.490 0.000 3.167 0.096 0.016 0.630 0.713 0.985 0.000 -0.793 0.000
3.500 0.000 0.000 0.124 0.623 0.614 1.000 0.841 0.000 -0.967 0.000
1.490 0.000 3.167 0.081 0.178 0.839 0.713 0.985 0.000 -0.967 0.000
1.082 0.000 3.329 0.587 0.797 0.303 0.655 0.992 0.000 -0.967 0.000
3.500 0.000 0.000 0.453 0.594 0.141 1.000 0.841 0.000 -1.155 0.000
1.082 0.000 3.329 0.550 0.667 0.017 0.655 0.992 0.000 -1.155 0.000
0.656 0.000 3.438 0.908 0.841 0.768 0.594 0.997 0.000 -1.155 0.000
3.500 0.000 0.000 0.403 0.076 0.279 1.000 0.841 0.000 -1.343 0.000
0.656 0.000 3.438 0.911 0.357 0.974 0.594 0.997 0.000 -1.343 0.000
0.220 0.000 3.493 0.517 0.814 0.416 0.531 1.000 0.000 -1.343 0.000
3.500 0.000 0.000 0.885 0.444 0.491 1.000 0.841 0.000 -1.537 0.000
0.220 0.000 3.493 0.508 0.059 0.939 0.531 1.000 0.000 -1.537 0.000
-0.220 0.000 3.493 0.039 0.250 0.063 0.469 1.000 0.000 -1.537 0.000
3.500 0.000 0.000 0.836 0.553 0.496 1.000 0.841 0.000 -1.728 0.000
-0.220 0.000 3.493 0.783 0.046 0.435 0.469 1.000 0.000 -1.728 0.000
-0.656 0.000 3.438 0.450 0.064 0.889 0.406 0.997 0.000 -1.728 0.000
3.500 0.000 0.000 0.643 0.832 0.439 1.000 0.841 0.000 -1.918 0.000
-0.656 0.000 3.438 0.719 0.463 0.347 0.406 0.997 0.000 -1.918 0.000
-1.082 0.000 3.329 0.429 0.437 0.103 0.345 0.992 0.000 -1.918 0.000
3.500 0.000 0.000 0.243 0.205 0.366 1.000 0.841 0.000 -2.101 0.000
-1.082 0.000 3.329 0.040 0.697 0.235 0.345 0.992 0.000 -2.101 0.000
-1.490 0.000 3.167 0.451 0.988 0.121 0.287 0.985 0.000 -2.101 0.000
3.500 0.000 0.000 0.701 0.052 0.629 1.000 0.841 0.000 -2.277 0.000
-1.490 0.000 3.167 0.254 0.900 0.668 0.287 0.985 0.000 -2.277 0.000
-1.875 0.000 2.955 0.653 0.336 0.505 0.232 0.975 0.000 -2.277 0.000
3.500 0.000 0.000 0.717 0.225 0.288 1.000 0.841 0.000 -2.439 0.000
-1.875 0.000 2.955 0.901 0.664 0.090 0.232 0.975 0.000 -2.439 0.000
-2.231 0.000 2.697 0.717 0.363 0.733 0.181 0.963 0.000 -2.439 0.000
3.500 0.000 0.000 0.154 0.466 0.452 1.000 0.841 0.000 -2.588 0.000
-2.231 0.000 2.697 0.360 0.832 0.881 0.181 0.963 0.000 -2.588 0.000
-2.551 0.000 2.396 0.409 0.420 0.477 0.136 0.950 0.000 -2.588 0.000
3.500 0.000 0.000 0.397 0.541 0.517 1.000 0.841 0.000 -2.725 0.000
-2.551 0.000 2.396 0.801 0.170 0.320 0.136 0.950 0.000 -2.725 0.000
-2.832 0.000 2.057 0.054 0.191 0.021 0.095 0.934 0.000 -2.725 0.000
3.500 0.000 0.000 0.390 0.696 0.627 1.000 0.841 0.000 -2.833 0.000
-2.832 0.000 2.057 0.967 0.336 0.280 0.095 0.934 0.000 -2.833 0.000
-3.067 0.000 1.686 0.983 0.426 0.349 0.062 0.918 0.000 -2.833 0.000
3.500 0.000 0.000 0.346 0.159 0.251 1.000 0.841 0.000 -2.929 0.000
-3.067 0.000 1.686 0.165 0.963 0.968 0.062 0.918 0.000 -2.929 0.000
-3.254 0.000 1.288 0.349 0.197 0.474 0.035 0.899 0.000 -2.929 0.000
3.500 0.000 0.000 0.769 0.674 0.186 1.000 0.841 0.000 -2.998 0.000
-3.254 0.000 1.288 0.310 0.543 0.947 0.035 0.899 0.000 -2.998 0.000
-3.390 0.000 0.870 0.481 0.863 0.345 0.016 0.880 0.000 -2.998 0.000
3.500 0.000 0.000 0.672 0.884 0.498 1.000 0.841 0.000 -3.041 0.000
-3.390 0.000 0.870 0.720 0.511 0.552 0.016 0.880 0.000 -3.041 0.000
-3.472 0.000 0.439 0.408 0.144 0.294 0.004 0.861 0.000 -3.041 0.000
3.500 0.000 0.000 0.834 0.493 0.261 1.000 0.841 -0.000 -3.073 0.000
-3.472 0.000 0.439 0.345 0.096 0.244 0.004 0.861 -0.000 -3.073 0.000
-3.500 0.000 -0.000 0.660 0.416 0.943 0.000 0.841 -0.000 -3.073 0.000
3.500 3.000 0.000 0.857 0.891 0.108 1.000 0.841 0.000 -0.024 0.000
3.472 3.000 0.439 0.883 0.429 0.457 0.996 0.861 0.000 -0.024 0.000
3.390 3.000 0.870 0.426 0.377 0.227 0.984 0.880 0.000 -0.024 0.000
3.500 3.000 0.000 0.289 0.722 0.537 1.000 0.841 0.000 -0.072 0.000
3.390 3.000 0.870 0.525 0.572 0.370 0.984 0.880 0.000 -0.072 0.000
3.254 3.000 1.288 0.389 0.477 0.394 0.965 0.899 0.000 -0.072 0.000
3.500 3.000 0.000 0.533 0.771 0.114 1.000 0.841 0.000 -0.143 0.000
3.254 3.000 1.288 0.026 0.385 0.522 0.965 0.899 0.000 -0.143 0.000
3.067 3.000 1.686 0.475 0.981 0.708 0.938 0.918 0.000 -0.143 0.000
3.500 3.000 0.000 0.891 0.924 0.405 1.000 0.841 0.000 -0.236 0.000
3.067 3.000 1.686 0.134 0.032 0.066 0.938 0.918 0.000 -0.236 0.000
2.832 3.000 2.057 0.564 0.490 0.275 0.905 0.934 0.000 -0.236 0.000
3.500 3.000 0.000 0.941 0.069 0.159 1.000 0.841 0.000 -0.352 0.000
2.832 3.000 2.057 0.015 0.606 0.585 0.905 0.934 0.000 -0.352 0.000
2.551 3.000 2.396 0.587 0.329 0.227 0.864 0.950 0.000 -0.352 0.000
3.500 3.000 0.000 0.416 0.723 0.752 1.000 0.841 0.000 -0.481 0.000
2.551 3.000 2.396 0.540 0.190 0.141 0.864 0.950 0.000 -0.481 0.000
2.231 3.000 2.697 0.925 0.064 0.674 0.819 0.963 0.000 -0.481 0.000
3.500 3.000 0.000 0.906 0.125 0.053 1.000 0.841 0.000 -0.633 0.000
2.231 3.000 2.697 0.183 0.530 0.528 0.819 0.963 0.000 -0.633 0.000
1.875 3.000 2.955 0.215 0.948 0.419 0.768 0.975 0.000 -0.633 0.000
3.500 3.000 0.000 0.057 0.224 0.906 1.000 0.841 0.000 -0.793 0.000
1.875 3.000 2.955 0.126 0.383 0.470 0.768 0.975 0.000 -0.793 0.000
1.490 3.000 3.167 0.085 0.320 0.411 0.713 0.985 0.000 -0.793 0.000
3.500 3.000 0.000 0.414 0.547 0.426 1.000 0.841 0.000 -0.967 0.000
1.490 3.000 3.167 0.489 0.652 0.365 0.713 0.985 0.000 -0.967 0.000
1.082 3.000 3.329 0.031 0.793 0.782 0.655 0.992 0.000 -0.967 0.000
3.500 3.000 0.000 0.096 0.820 0.322 1.000 0.841 0.000 -1.155 0.000
1.082 3.000 3.329 0.221 0.873 0.599 0.655 0.992 0.000 -1.155 0.000
0.656 3.000 3.438 0.103 0.753 0.857 0.594 0.997 0.000 -1.155 0.000
3.500 3.000 0.000 0.052 0.524 0.040 1.000 0.841 0.000 -1.343 0.000
0.656 3.000 3.438 0.628 0.430 0.256 0.594 0.997 0.000 -1.343 0.000
0.220 3.000 3.493 0.363 0.900 0.665 0.531 1.000 0.000 -1.343 0.000
3.500 3.000 0.000 0.035 0.311 0.792 1.000 0.841 0.000 -1.537 0.000
0.220 3.000 3.493 0.935 0.737 0.229 0.531 1.000 0.000 -1.537 0.000
-0.220 3.000 3.493 0.587 0.103 0.643 0.469 1.000 0.000 -1.537 0.000
3.500 3.000 0.000 0.380 0.237 0.484 1.000 0.841 0.000 -1.728 0.000
-0.220 3.000 3.493 0.552 0.911 0.516 0.469 1.000 0.000 -1.728 0.000
-0.656 3.000 3.438 0.425 0.510 0.964 0.406 0.997 0.000 -1.728 0.000
3.500 3.000 0.000 0.530 0.719 0.537 1.000 0.841 0.000 -1.918 0.000
-0.656 3.000 3.438 0.055 0.760 0.640 0.406 0.997 0.000 -1.918 0.000
-1.082 3.000 3.329 0.837 0.368 0.044 0.345 0.992 0.000 -1.918 0.000
3.500 3.000 0.000 0.738 0.033 0.024 1.000 0.841 0.000 -2.101 0.000
-1.082 3.000 3.329 0.401 0.177 0.387 0.345 0.992 0.000 -2.101 0.000
-1.490 3.000 3.167 0.491 0.406 0.423 0.287 0.985 0.000 -2.101 0.000
3.500 3.000 0.000 0.594 0.401 0.710 1.000 0.841 0.000 -2.277 0.000
-1.490 3.000 3.167 0.183 0.886 0.297 0.287 0.985 0.000 -2.277 0.000
-1.875 3.000 2.955 0.094 0.754 0.029 0.232 0.975 0.000 -2.277 0.000
3.500 3.000 0.000 0.956 0.718 0.582 1.000 0.841 0.000 -2.439 0.000
-1.875 3.000 2.955 0.675 0.255 0.007 0.232 0.975 0.000 -2.439 0.000
-2.231 3.000 2.697 0.435 0.247 0.890 0.181 0.963 0.000 -2.439 0.000
3.500 3.000 0.000 0.155 0.292 0.297 1.000 0.841 0.000 -2.588 0.000
-2.231 3.000 2.697 0.541 0.316 0.134 0.181 0.963 0.000 -2.588 0.000
-2.551 3.000 2.396 0.718 0.056 0.872 0.136 0.950 0.000 -2.588 0.000
3.500 3.000 0.000 0.477 0.831 0.274 1.000 0.841 0.000 -2.725 0.000
-2.551 3.000 2.396 0.230 0.541 0.765 0.136 0.950 0.000 -2.725 0.000
-2.832 3.000 2.057 0.116 0.190 0.711 0.095 0.934 0.000 -2.725 0.000
3.500 3.000 0.000 0.222 0.219 0.246 1.000 0.841 0.000 -2.833 0.000
-2.832 3.000 2.057 0.940 0.801 0.340 0.095 0.934 0.000 -2.833 0.000
-3.067 3.000 1.686 0.195 0.161 0.296 0.062 0.918 0.000 -2.833 0.000
3.500 3.000 0.000 0.443 0.051 0.971 1.000 0.841 0.000 -2.929 0.000
-3.067 3.000 1.686 0.087 0.348 0.759 0.062 0.918 0.000 -2.929 0.000
-3.254 3.000 1.288 0.755 0.482 0.266 0.035 0.899 0.000 -2.929 0.000
3.500 3.000 0.000 0.163 0.707 0.807 1.000 0.841 0.000 -2.998 0.000
-3.254 3.000 1.288 0.346 0.333 0.878 0.035 0.899 0.000 -2.998 0.000
-3.390 3.000 0.870 0.239 0.450 0.707 0.016 0.880 0.000 -2.998 0.000
3.500 3.000 0.000 0.429 0.161 0.937 1.000 0.841 0.000 -3.041 0.000
-3.390 3.000 0.870 0.649 0.759 0.406 0.016 0.880 0.000 -3.041 0.000
-3.472 3.000 0.439 0.450 0.099 0.628 0.004 0.861 0.000 -3.041 0.000
3.500 3.000 0.000 0.611 0.747 0.569 1.000 0.841 -0.000 -3.073 0.000
-3.472 3.000 0.439 0.662 0.070 0.116 0.004 0.861 -0.000 -3.073 0.000
-3.500 3.000 -0.000 0.362 0.181 0.911 0.000 0.841 -0.000 -3.073 0.000
