0.30 12.20 -1.80 0.00 -0.54 -0.72 0.48 0.07 0.35
0.30 11.00 -0.90 0.00 -0.54 -0.72 0.60 0.53 0.47
-0.30 11.00 -0.90 0.00 -0.54 -0.72 0.11 0.97 0.20
0.30 12.20 -1.80 -0.00 -0.54 -0.72 0.84 0.77 0.92
-0.30 11.00 -0.90 -0.00 -0.54 -0.72 0.58 0.45 0.64
-0.30 12.20 -1.80 -0.00 -0.54 -0.72 0.90 0.05 0.93
0.30 12.20 -1.80 0.00 1.32 -3.12 0.15 0.17 0.31
0.30 7.00 -4.00 0.00 1.32 -3.12 0.41 0.92 0.87
-0.30 7.00 -4.00 0.00 1.32 -3.12 0.55 0.38 0.72
0.30 12.20 -1.80 0.00 1.32 -3.12 0.11 0.86 0.40
-0.30 7.00 -4.00 0.00 1.32 -3.12 0.18 0.20 0.16
-0.30 12.20 -1.80 0.00 1.32 -3.12 0.71 0.67 0.64
0.30 7.00 -4.00 0.00 -1.20 -4.20 0.67 0.86 0.25
0.30 0.00 -2.00 0.00 -1.20 -4.20 0.44 0.79 0.36
-0.30 0.00 -2.00 0.00 -1.20 -4.20 0.89 0.43 0.20
0.30 7.00 -4.00 -0.00 -1.20 -4.20 0.94 0.37 0.78
-0.30 0.00 -2.00 -0.00 -1.20 -4.20 0.10 0.68 0.68
-0.30 7.00 -4.00 -0.00 -1.20 -4.20 0.02 0.55 0.84
0.30 11.00 -0.90 0.00 0.54 -6.60 0.40 0.27 0.25
0.30 0.00 -1.80 0.00 0.54 -6.60 0.26 0.67 0.81
-0.30 0.00 -1.80 0.00 0.54 -6.60 0.46 0.83 0.91
0.30 11.00 -0.90 0.00 0.54 -6.60 0.13 0.48 0.09
-0.30 0.00 -1.80 0.00 0.54 -6.60 0.99 0.73 0.80
-0.30 11.00 -0.90 0.00 0.54 -6.60 0.78 0.09 0.47
0.30 11.00 -0.90 0.00 0.00 0.00 0.22 0.29 0.91
0.30 12.20 -1.80 0.00 0.00 0.00 0.58 0.07 0.80
0.30 12.20 -1.80 0.00 0.00 0.00 0.26 0.76 0.74
0.30 11.00 -0.90 -7.32 0.00 -0.00 0.81 0.59 0.84
0.30 12.20 -1.80 -7.32 0.00 -0.00 0.08 0.85 0.86
0.30 7.00 -4.00 -7.32 0.00 -0.00 0.75 0.65 0.26
-0.30 11.00 -0.90 0.00 0.00 0.00 0.59 0.56 0.52
-0.30 12.20 -1.80 0.00 0.00 0.00 0.07 0.65 0.98
-0.30 12.20 -1.80 0.00 0.00 0.00 0.80 0.45 0.11
-0.30 11.00 -0.90 -7.32 0.00 -0.00 0.88 0.92 0.10
-0.30 12.20 -1.80 -7.32 0.00 -0.00 0.17 0.83 0.89
-0.30 7.00 -4.00 -7.32 0.00 -0.00 0.24 0.63 0.11
0.30 7.00 -4.00 -1.40 0.00 0.00 1.00 0.37 0.69
0.30 0.00 -2.00 -1.40 0.00 0.00 0.59 0.21 0.95
0.30 0.00 -1.80 -1.40 0.00 0.00 0.44 0.08 0.76
0.30 7.00 -4.00 -30.50 0.00 0.00 0.09 0.34 0.85
0.30 0.00 -1.80 -30.50 0.00 0.00 0.65 0.86 0.60
0.30 11.00 -0.90 -30.50 0.00 0.00 0.31 0.84 0.19
-0.30 7.00 -4.00 -1.40 0.00 0.00 0.75 0.95 0.26
-0.30 0.00 -2.00 -1.40 0.00 0.00 0.67 0.06 0.06
-0.30 0.00 -1.80 -1.40 0.00 0.00 0.50 0.94 0.94
-0.30 7.00 -4.00 -30.50 0.00 0.00 0.13 0.05 0.11
-0.30 0.00 -1.80 -30.50 0.00 0.00 0.50 0.74 0.35
-0.30 11.00 -0.90 -30.50 0.00 0.00 0.72 0.69 0.35
0.30 12.20 -0.00 0.00 0.05 0.34 0.79 0.45 0.94
0.30 12.76 -0.09 0.00 0.05 0.34 0.13 0.30 0.38
-0.30 12.76 -0.09 0.00 0.05 0.34 0.99 0.90 0.47
0.30 12.20 -0.00 0.00 0.05 0.34 0.83 0.09 0.13
-0.30 12.76 -0.09 0.00 0.05 0.34 0.78 0.35 0.43
-0.30 12.20 -0.00 0.00 0.05 0.34 0.84 0.41 0.18
0.30 12.20 -0.00 0.00 0.05 -0.34 0.78 0.35 0.86
0.30 11.64 -0.09 0.00 0.05 -0.34 0.83 0.46 0.36
-0.30 11.64 -0.09 0.00 0.05 -0.34 0.57 0.81 0.49
0.30 12.20 -0.00 0.00 0.05 -0.34 0.26 0.17 1.00
-0.30 11.64 -0.09 0.00 0.05 -0.34 0.72 0.11 0.71
-0.30 12.20 -0.00 0.00 0.05 -0.34 0.02 0.49 0.51
0.30 12.20 -1.80 0.00 0.00 0.00 0.92 0.96 0.64
0.30 12.20 -1.80 0.00 0.00 0.00 0.01 0.09 0.63
0.30 12.20 -0.00 0.00 0.00 0.00 0.36 0.52 0.46
0.30 12.20 -1.80 -1.01 0.00 0.00 0.77 0.70 0.25
0.30 12.20 -0.00 -1.01 0.00 0.00 0.12 0.56 0.09
0.30 12.76 -0.09 -1.01 0.00 0.00 0.58 0.92 0.87
0.30 12.20 -1.80 0.00 0.00 0.00 0.39 0.42 0.70
0.30 12.20 -1.80 0.00 0.00 0.00 0.56 0.41 0.28
0.30 12.20 -0.00 0.00 0.00 0.00 0.67 0.13 0.54
0.30 12.20 -1.80 1.01 0.00 -0.00 0.16 0.63 0.26
0.30 12.20 -0.00 1.01 0.00 -0.00 0.12 0.27 0.27
0.30 11.64 -0.09 1.01 0.00 -0.00 0.21 0.90 0.19
-0.30 12.20 -1.80 0.00 0.00 0.00 0.73 0.37 0.20
-0.30 12.20 -1.80 0.00 0.00 0.00 0.44 0.61 0.56
-0.30 12.20 -0.00 0.00 0.00 0.00 1.00 0.70 0.33
-0.30 12.20 -1.80 -1.01 0.00 0.00 0.92 0.57 0.45
-0.30 12.20 -0.00 -1.01 0.00 0.00 0.34 0.28 0.03
-0.30 12.76 -0.09 -1.01 0.00 0.00 0.75 0.55 0.42
-0.30 12.20 -1.80 0.00 0.00 0.00 0.88 0.09 0.98
-0.30 12.20 -1.80 0.00 0.00 0.00 0.51 0.35 0.64
-0.30 12.20 -0.00 0.00 0.00 0.00 0.79 0.62 0.80
-0.30 12.20 -1.80 1.01 0.00 -0.00 0.69 0.81 0.93
-0.30 12.20 -0.00 1.01 0.00 -0.00 0.06 0.01 0.14
-0.30 11.64 -0.09 1.01 0.00 -0.00 0.67 0.57 0.87
0.30 12.76 -0.09 0.00 0.05 0.13 0.37 0.90 0.31
0.30 12.98 -0.18 0.00 0.05 0.13 0.94 0.35 0.31
-0.30 12.98 -0.18 0.00 0.05 0.13 0.22 0.38 0.23
0.30 12.76 -0.09 0.00 0.05 0.13 0.77 0.80 0.57
-0.30 12.98 -0.18 0.00 0.05 0.13 0.87 0.78 0.32
-0.30 12.76 -0.09 0.00 0.05 0.13 0.21 0.42 0.20
0.30 11.64 -0.09 0.00 0.05 -0.13 0.83 0.23 0.71
0.30 11.42 -0.18 0.00 0.05 -0.13 0.65 0.15 0.50
-0.30 11.42 -0.18 0.00 0.05 -0.13 0.66 0.29 0.19
0.30 11.64 -0.09 0.00 0.05 -0.13 0.23 0.17 0.24
-0.30 11.42 -0.18 0.00 0.05 -0.13 0.13 0.48 0.91
-0.30 11.64 -0.09 0.00 0.05 -0.13 0.49 0.79 0.28
0.30 12.20 -1.80 0.00 0.00 0.00 0.87 0.02 0.22
0.30 12.20 -1.80 0.00 0.00 0.00 0.67 0.59 0.44
0.30 12.76 -0.09 0.00 0.00 0.00 0.44 0.90 0.21
0.30 12.20 -1.80 -0.43 0.00 0.00 0.86 0.10 0.08
0.30 12.76 -0.09 -0.43 0.00 0.00 0.09 0.81 0.29
0.30 12.98 -0.18 -0.43 0.00 0.00 0.24 0.31 0.13
0.30 12.20 -1.80 0.00 0.00 -0.00 0.53 0.50 0.77
0.30 12.20 -1.80 0.00 0.00 -0.00 0.70 0.74 0.43
0.30 11.64 -0.09 0.00 0.00 -0.00 0.17 0.65 0.66
0.30 12.20 -1.80 0.43 0.00 0.00 0.96 0.93 0.79
0.30 11.64 -0.09 0.43 0.00 0.00 0.98 0.15 0.28
0.30 11.42 -0.18 0.43 0.00 0.00 0.57 0.59 0.14
-0.30 12.20 -1.80 0.00 0.00 0.00 0.47 0.80 0.81
-0.30 12.20 -1.80 0.00 0.00 0.00 0.57 0.88 0.25
-0.30 12.76 -0.09 0.00 0.00 0.00 0.39 0.17 0.11
-0.30 12.20 -1.80 -0.43 0.00 0.00 0.70 0.30 0.20
-0.30 12.76 -0.09 -0.43 0.00 0.00 0.19 0.07 0.44
-0.30 12.98 -0.18 -0.43 0.00 0.00 0.93 0.50 0.97
-0.30 12.20 -1.80 0.00 0.00 -0.00 0.58 0.15 0.67
-0.30 12.20 -1.80 0.00 0.00 -0.00 0.51 0.94 0.85
-0.30 11.64 -0.09 0.00 0.00 -0.00 0.65 0.22 0.81
-0.30 12.20 -1.80 0.43 0.00 0.00 0.24 0.36 0.79
-0.30 11.64 -0.09 0.43 0.00 0.00 0.04 0.17 0.35
-0.30 11.42 -0.18 0.43 0.00 0.00 0.92 0.42 0.82
0.30 12.98 -0.18 0.00 0.05 0.10 0.09 0.53 0.40
0.30 13.15 -0.27 0.00 0.05 0.10 0.38 0.73 0.78
-0.30 13.15 -0.27 0.00 0.05 0.10 0.45 0.17 0.48
0.30 12.98 -0.18 0.00 0.05 0.10 0.94 0.14 0.67
-0.30 13.15 -0.27 0.00 0.05 0.10 0.10 0.81 0.60
-0.30 12.98 -0.18 0.00 0.05 0.10 0.04 0.66 0.18
0.30 11.42 -0.18 0.00 0.05 -0.10 0.26 0.47 0.69
0.30 11.25 -0.27 0.00 0.05 -0.10 0.62 0.26 0.34
-0.30 11.25 -0.27 0.00 0.05 -0.10 0.79 0.61 0.58
0.30 11.42 -0.18 0.00 0.05 -0.10 0.20 0.43 0.62
-0.30 11.25 -0.27 0.00 0.05 -0.10 0.73 0.83 0.54
-0.30 11.42 -0.18 0.00 0.05 -0.10 0.46 0.61 0.62
0.30 12.20 -1.80 0.00 0.00 0.00 0.63 0.09 0.01
0.30 12.20 -1.80 0.00 0.00 0.00 0.77 0.76 0.45
0.30 12.98 -0.18 0.00 0.00 0.00 0.59 0.36 0.40
0.30 12.20 -1.80 -0.34 0.00 0.00 0.24 0.53 0.50
0.30 12.98 -0.18 -0.34 0.00 0.00 0.71 0.22 0.53
0.30 13.15 -0.27 -0.34 0.00 0.00 0.97 0.56 0.79
0.30 12.20 -1.80 0.00 0.00 -0.00 0.58 0.14 0.41
0.30 12.20 -1.80 0.00 0.00 -0.00 0.01 0.76 0.20
0.30 11.42 -0.18 0.00 0.00 -0.00 0.84 0.30 0.40
0.30 12.20 -1.80 0.34 0.00 0.00 0.45 0.92 0.13
0.30 11.42 -0.18 0.34 0.00 0.00 0.54 0.92 0.60
0.30 11.25 -0.27 0.34 0.00 0.00 0.29 0.38 0.23
-0.30 12.20 -1.80 0.00 0.00 0.00 0.65 0.78 1.00
-0.30 12.20 -1.80 0.00 0.00 0.00 0.18 0.27 0.58
-0.30 12.98 -0.18 0.00 0.00 0.00 0.40 0.81 0.83
-0.30 12.20 -1.80 -0.34 0.00 0.00 0.96 0.60 0.54
-0.30 12.98 -0.18 -0.34 0.00 0.00 0.10 0.01 0.51
-0.30 13.15 -0.27 -0.34 0.00 0.00 0.85 0.21 0.08
-0.30 12.20 -1.80 0.00 0.00 -0.00 0.15 0.61 0.09
-0.30 12.20 -1.80 0.00 0.00 -0.00 0.07 0.75 0.93
-0.30 11.42 -0.18 0.00 0.00 -0.00 0.99 0.34 0.38
-0.30 12.20 -1.80 0.34 0.00 0.00 0.37 0.57 0.91
-0.30 11.42 -0.18 0.34 0.00 0.00 0.15 0.57 0.20
-0.30 11.25 -0.27 0.34 0.00 0.00 0.42 0.15 0.85
0.30 13.15 -0.27 0.00 0.05 0.08 0.23 0.97 0.03
0.30 13.28 -0.36 0.00 0.05 0.08 0.83 0.51 0.43
-0.30 13.28 -0.36 0.00 0.05 0.08 0.84 0.02 0.39
0.30 13.15 -0.27 0.00 0.05 0.08 0.05 0.10 0.49
-0.30 13.28 -0.36 0.00 0.05 0.08 0.67 0.20 0.34
-0.30 13.15 -0.27 0.00 0.05 0.08 0.41 0.12 0.49
0.30 11.25 -0.27 0.00 0.05 -0.08 0.76 0.50 0.56
0.30 11.12 -0.36 0.00 0.05 -0.08 0.33 0.42 0.55
-0.30 11.12 -0.36 0.00 0.05 -0.08 0.89 0.62 0.93
0.30 11.25 -0.27 0.00 0.05 -0.08 0.04 0.47 0.08
-0.30 11.12 -0.36 0.00 0.05 -0.08 0.01 0.50 0.50
-0.30 11.25 -0.27 0.00 0.05 -0.08 0.53 0.93 0.73
0.30 12.20 -1.80 0.00 0.00 0.00 0.55 0.32 0.57
0.30 12.20 -1.80 0.00 0.00 0.00 0.65 0.81 0.41
0.30 13.15 -0.27 0.00 0.00 0.00 0.85 0.15 0.46
0.30 12.20 -1.80 -0.29 0.00 0.00 0.97 0.64 0.13
0.30 13.15 -0.27 -0.29 0.00 0.00 0.47 0.20 0.54
0.30 13.28 -0.36 -0.29 0.00 0.00 0.89 0.75 0.30
0.30 12.20 -1.80 0.00 0.00 -0.00 0.51 0.68 0.63
0.30 12.20 -1.80 0.00 0.00 -0.00 0.98 0.75 0.52
0.30 11.25 -0.27 0.00 0.00 -0.00 0.48 0.25 0.56
0.30 12.20 -1.80 0.29 0.00 0.00 0.42 0.99 0.57
0.30 11.25 -0.27 0.29 0.00 0.00 0.74 0.55 0.10
0.30 11.12 -0.36 0.29 0.00 0.00 0.55 0.96 0.64
-0.30 12.20 -1.80 0.00 0.00 0.00 0.70 0.42 0.29
-0.30 12.20 -1.80 0.00 0.00 0.00 0.34 0.55 0.14
-0.30 13.15 -0.27 0.00 0.00 0.00 0.54 0.10 0.11
-0.30 12.20 -1.80 -0.29 0.00 0.00 0.29 0.40 0.58
-0.30 13.15 -0.27 -0.29 0.00 0.00 0.96 0.03 0.47
-0.30 13.28 -0.36 -0.29 0.00 0.00 0.71 0.54 0.98
-0.30 12.20 -1.80 0.00 0.00 -0.00 0.97 0.10 0.96
-0.30 12.20 -1.80 0.00 0.00 -0.00 0.95 0.67 0.45
-0.30 11.25 -0.27 0.00 0.00 -0.00 0.51 0.77 0.87
-0.30 12.20 -1.80 0.29 0.00 0.00 0.47 0.41 0.61
-0.30 11.25 -0.27 0.29 0.00 0.00 0.89 0.70 0.16
-0.30 11.12 -0.36 0.29 0.00 0.00 0.44 0.84 0.86
0.30 13.28 -0.36 0.00 0.05 0.07 0.54 0.95 0.20
0.30 13.39 -0.45 0.00 0.05 0.07 0.94 0.53 0.74
-0.30 13.39 -0.45 0.00 0.05 0.07 0.97 0.00 0.03
0.30 13.28 -0.36 0.00 0.05 0.07 0.52 0.99 0.99
-0.30 13.39 -0.45 0.00 0.05 0.07 0.62 0.95 0.70
-0.30 13.28 -0.36 0.00 0.05 0.07 0.29 0.39 0.67
0.30 11.12 -0.36 0.00 0.05 -0.07 0.05 0.26 0.62
0.30 11.01 -0.45 0.00 0.05 -0.07 0.46 0.87 0.13
-0.30 11.01 -0.45 0.00 0.05 -0.07 0.16 0.03 0.59
0.30 11.12 -0.36 0.00 0.05 -0.07 0.00 0.89 0.48
-0.30 11.01 -0.45 0.00 0.05 -0.07 0.95 0.09 0.93
-0.30 11.12 -0.36 0.00 0.05 -0.07 0.48 0.83 0.47
0.30 12.20 -1.80 0.00 0.00 0.00 0.49 0.86 0.42
0.30 12.20 -1.80 0.00 0.00 0.00 0.47 0.85 0.39
0.30 13.28 -0.36 0.00 0.00 0.00 0.42 0.55 0.91
0.30 12.20 -1.80 -0.26 0.00 0.00 0.82 0.22 0.53
0.30 13.28 -0.36 -0.26 0.00 0.00 0.07 0.84 0.81
0.30 13.39 -0.45 -0.26 0.00 0.00 0.94 0.97 0.87
0.30 12.20 -1.80 0.00 0.00 -0.00 0.97 0.57 0.33
0.30 12.20 -1.80 0.00 0.00 -0.00 0.86 0.05 0.49
0.30 11.12 -0.36 0.00 0.00 -0.00 0.95 0.98 0.50
0.30 12.20 -1.80 0.26 0.00 0.00 0.78 0.45 0.45
0.30 11.12 -0.36 0.26 0.00 0.00 0.64 0.87 0.93
0.30 11.01 -0.45 0.26 0.00 0.00 0.49 0.26 0.42
-0.30 12.20 -1.80 0.00 0.00 0.00 0.03 0.17 0.89
-0.30 12.20 -1.80 0.00 0.00 0.00 0.25 0.70 0.31
-0.30 13.28 -0.36 0.00 0.00 0.00 0.10 0.51 0.12
-0.30 12.20 -1.80 -0.26 0.00 0.00 0.07 0.38 0.20
-0.30 13.28 -0.36 -0.26 0.00 0.00 0.63 0.71 0.14
-0.30 13.39 -0.45 -0.26 0.00 0.00 0.68 0.20 0.11
-0.30 12.20 -1.80 0.00 0.00 -0.00 0.66 0.69 0.97
-0.30 12.20 -1.80 0.00 0.00 -0.00 0.12 0.14 0.92
-0.30 11.12 -0.36 0.00 0.00 -0.00 0.99 0.07 0.70
-0.30 12.20 -1.80 0.26 0.00 0.00 0.25 0.49 0.34
-0.30 11.12 -0.36 0.26 0.00 0.00 0.42 0.38 0.83
-0.30 11.01 -0.45 0.26 0.00 0.00 0.12 0.69 0.86
0.30 13.39 -0.45 0.00 0.05 0.06 0.63 0.81 0.11
0.30 13.49 -0.54 0.00 0.05 0.06 0.00 0.01 0.21
-0.30 13.49 -0.54 0.00 0.05 0.06 0.71 0.15 0.28
0.30 13.39 -0.45 0.00 0.05 0.06 0.91 0.26 0.91
-0.30 13.49 -0.54 0.00 0.05 0.06 0.60 0.23 0.60
-0.30 13.39 -0.45 0.00 0.05 0.06 0.75 0.15 0.26
0.30 11.01 -0.45 0.00 0.05 -0.06 0.82 0.85 0.38
0.30 10.91 -0.54 0.00 0.05 -0.06 0.31 0.19 0.36
-0.30 10.91 -0.54 0.00 0.05 -0.06 0.68 0.02 0.62
0.30 11.01 -0.45 0.00 0.05 -0.06 0.37 0.88 0.04
-0.30 10.91 -0.54 0.00 0.05 -0.06 0.18 0.99 0.15
-0.30 11.01 -0.45 0.00 0.05 -0.06 0.20 0.21 0.78
0.30 12.20 -1.80 0.00 0.00 0.00 0.35 0.48 0.78
0.30 12.20 -1.80 0.00 0.00 0.00 0.61 0.40 0.49
0.30 13.39 -0.45 0.00 0.00 0.00 0.85 0.99 0.40
0.30 12.20 -1.80 -0.24 0.00 0.00 0.00 0.25 0.00
0.30 13.39 -0.45 -0.24 0.00 0.00 0.86 0.63 0.75
0.30 13.49 -0.54 -0.24 0.00 0.00 0.05 0.99 0.57
0.30 12.20 -1.80 0.00 0.00 -0.00 0.07 0.61 0.88
0.30 12.20 -1.80 0.00 0.00 -0.00 0.95 0.64 0.56
0.30 11.01 -0.45 0.00 0.00 -0.00 0.95 0.79 0.93
0.30 12.20 -1.80 0.24 0.00 0.00 0.15 0.57 0.12
0.30 11.01 -0.45 0.24 0.00 0.00 0.64 0.36 0.31
0.30 10.91 -0.54 0.24 0.00 0.00 0.03 0.85 0.66
-0.30 12.20 -1.80 0.00 0.00 0.00 0.03 0.25 0.27
-0.30 12.20 -1.80 0.00 0.00 0.00 0.28 0.25 0.12
-0.30 13.39 -0.45 0.00 0.00 0.00 0.90 0.00 0.12
-0.30 12.20 -1.80 -0.24 0.00 0.00 0.90 0.57 0.98
-0.30 13.39 -0.45 -0.24 0.00 0.00 0.50 0.45 0.03
-0.30 13.49 -0.54 -0.24 0.00 0.00 0.14 0.01 0.10
-0.30 12.20 -1.80 0.00 0.00 -0.00 0.94 0.94 0.05
-0.30 12.20 -1.80 0.00 0.00 -0.00 0.51 0.06 1.00
-0.30 11.01 -0.45 0.00 0.00 -0.00 0.87 0.37 0.15
-0.30 12.20 -1.80 0.24 0.00 0.00 0.71 0.03 0.78
-0.30 11.01 -0.45 0.24 0.00 0.00 0.96 0.31 0.82
-0.30 10.91 -0.54 0.24 0.00 0.00 0.21 0.43 0.84
0.30 13.49 -0.54 0.00 0.05 0.05 0.22 0.55 0.12
0.30 13.57 -0.63 0.00 0.05 0.05 0.79 0.53 0.02
-0.30 13.57 -0.63 0.00 0.05 0.05 0.23 0.56 0.92
0.30 13.49 -0.54 0.00 0.05 0.05 0.24 0.66 0.42
-0.30 13.57 -0.63 0.00 0.05 0.05 0.18 0.71 0.56
-0.30 13.49 -0.54 0.00 0.05 0.05 0.24 0.71 0.50
0.30 10.91 -0.54 0.00 0.05 -0.05 0.61 0.86 0.01
0.30 10.83 -0.63 0.00 0.05 -0.05 0.64 0.64 0.88
-0.30 10.83 -0.63 0.00 0.05 -0.05 0.94 0.46 0.60
0.30 10.91 -0.54 0.00 0.05 -0.05 0.37 0.30 0.56
-0.30 10.83 -0.63 0.00 0.05 -0.05 0.92 0.42 0.77
-0.30 10.91 -0.54 0.00 0.05 -0.05 0.45 0.44 0.99
0.30 12.20 -1.80 0.00 0.00 0.00 0.01 0.36 0.78
0.30 12.20 -1.80 0.00 0.00 0.00 0.68 0.77 0.01
0.30 13.49 -0.54 0.00 0.00 0.00 0.39 0.34 0.26
0.30 12.20 -1.80 -0.22 0.00 0.00 0.10 0.84 0.44
0.30 13.49 -0.54 -0.22 0.00 0.00 0.96 0.85 0.67
0.30 13.57 -0.63 -0.22 0.00 0.00 0.60 0.73 0.28
0.30 12.20 -1.80 0.00 0.00 -0.00 0.06 0.33 0.92
0.30 12.20 -1.80 0.00 0.00 -0.00 0.36 0.88 0.86
0.30 10.91 -0.54 0.00 0.00 -0.00 0.78 0.66 0.23
0.30 12.20 -1.80 0.22 0.00 0.00 0.22 0.65 0.15
0.30 10.91 -0.54 0.22 0.00 0.00 0.57 0.43 0.61
0.30 10.83 -0.63 0.22 0.00 0.00 0.35 0.44 0.62
-0.30 12.20 -1.80 0.00 0.00 0.00 0.68 0.70 0.30
-0.30 12.20 -1.80 0.00 0.00 0.00 0.52 0.13 0.69
-0.30 13.49 -0.54 0.00 0.00 0.00 0.37 0.80 0.79
-0.30 12.20 -1.80 -0.22 0.00 0.00 0.10 0.08 0.75
-0.30 13.49 -0.54 -0.22 0.00 0.00 0.42 0.00 0.36
-0.30 13.57 -0.63 -0.22 0.00 0.00 0.31 0.86 0.42
-0.30 12.20 -1.80 0.00 0.00 -0.00 0.97 0.09 0.78
-0.30 12.20 -1.80 0.00 0.00 -0.00 0.61 0.24 0.56
-0.30 10.91 -0.54 0.00 0.00 -0.00 0.04 0.85 0.78
-0.30 12.20 -1.80 0.22 0.00 0.00 0.48 0.47 0.35
-0.30 10.91 -0.54 0.22 0.00 0.00 0.17 0.77 0.69
-0.30 10.83 -0.63 0.22 0.00 0.00 0.31 0.46 0.37
0.30 13.57 -0.63 0.00 0.05 0.04 0.11 0.25 0.89
0.30 13.64 -0.72 0.00 0.05 0.04 0.19 1.00 0.26
-0.30 13.64 -0.72 0.00 0.05 0.04 0.19 0.36 0.35
0.30 13.57 -0.63 0.00 0.05 0.04 0.06 0.78 0.78
-0.30 13.64 -0.72 0.00 0.05 0.04 0.15 0.56 0.09
-0.30 13.57 -0.63 0.00 0.05 0.04 0.39 0.12 0.05
0.30 10.83 -0.63 0.00 0.05 -0.04 0.24 0.89 0.66
0.30 10.76 -0.72 0.00 0.05 -0.04 0.71 0.24 0.70
-0.30 10.76 -0.72 0.00 0.05 -0.04 0.48 0.93 0.18
0.30 10.83 -0.63 0.00 0.05 -0.04 0.94 0.30 0.36
-0.30 10.76 -0.72 0.00 0.05 -0.04 0.18 0.19 0.66
-0.30 10.83 -0.63 0.00 0.05 -0.04 0.18 0.45 0.77
0.30 12.20 -1.80 0.00 0.00 0.00 0.54 0.80 0.97
0.30 12.20 -1.80 0.00 0.00 0.00 0.31 0.58 0.16
0.30 13.57 -0.63 0.00 0.00 0.00 0.87 0.67 0.22
0.30 12.20 -1.80 -0.21 0.00 0.00 0.99 0.72 0.36
0.30 13.57 -0.63 -0.21 0.00 0.00 0.88 0.38 0.75
0.30 13.64 -0.72 -0.21 0.00 0.00 0.11 0.09 0.99
0.30 12.20 -1.80 0.00 0.00 -0.00 0.04 0.27 0.71
0.30 12.20 -1.80 0.00 0.00 -0.00 0.35 0.62 0.19
0.30 10.83 -0.63 0.00 0.00 -0.00 0.54 0.29 0.12
0.30 12.20 -1.80 0.21 0.00 0.00 0.99 0.06 0.30
0.30 10.83 -0.63 0.21 0.00 0.00 0.79 0.03 0.48
0.30 10.76 -0.72 0.21 0.00 0.00 0.38 0.19 0.02
-0.30 12.20 -1.80 0.00 0.00 0.00 0.04 0.40 0.34
-0.30 12.20 -1.80 0.00 0.00 0.00 0.76 0.77 0.21
-0.30 13.57 -0.63 0.00 0.00 0.00 0.15 0.52 0.19
-0.30 12.20 -1.80 -0.21 0.00 0.00 0.23 0.52 0.07
-0.30 13.57 -0.63 -0.21 0.00 0.00 0.50 0.22 0.18
-0.30 13.64 -0.72 -0.21 0.00 0.00 0.12 0.41 0.23
-0.30 12.20 -1.80 0.00 0.00 -0.00 0.41 0.53 0.57
-0.30 12.20 -1.80 0.00 0.00 -0.00 0.47 0.83 0.11
-0.30 10.83 -0.63 0.00 0.00 -0.00 0.49 0.32 0.10
-0.30 12.20 -1.80 0.21 0.00 0.00 0.68 0.34 0.89
-0.30 10.83 -0.63 0.21 0.00 0.00 0.08 0.68 0.27
-0.30 10.76 -0.72 0.21 0.00 0.00 0.85 0.88 0.31
0.30 13.64 -0.72 0.00 0.05 0.04 0.38 0.08 0.08
0.30 13.70 -0.81 0.00 0.05 0.04 0.89 0.15 0.23
-0.30 13.70 -0.81 0.00 0.05 0.04 0.12 0.33 0.46
0.30 13.64 -0.72 0.00 0.05 0.04 0.53 0.56 0.96
-0.30 13.70 -0.81 0.00 0.05 0.04 0.06 0.13 0.08
-0.30 13.64 -0.72 0.00 0.05 0.04 0.89 0.24 0.49
0.30 10.76 -0.72 0.00 0.05 -0.04 0.20 0.34 0.95
0.30 10.70 -0.81 0.00 0.05 -0.04 0.54 0.23 0.45
-0.30 10.70 -0.81 0.00 0.05 -0.04 0.22 0.50 0.13
0.30 10.76 -0.72 0.00 0.05 -0.04 0.10 0.82 0.21
-0.30 10.70 -0.81 0.00 0.05 -0.04 0.18 0.90 0.06
-0.30 10.76 -0.72 0.00 0.05 -0.04 0.32 0.12 0.44
0.30 12.20 -1.80 0.00 0.00 0.00 0.65 0.58 0.33
0.30 12.20 -1.80 0.00 0.00 0.00 0.21 0.53 0.45
0.30 13.64 -0.72 0.00 0.00 0.00 0.34 0.61 0.98
0.30 12.20 -1.80 -0.20 0.00 0.00 0.58 0.10 0.03
0.30 13.64 -0.72 -0.20 0.00 0.00 0.91 0.05 0.92
0.30 13.70 -0.81 -0.20 0.00 0.00 0.15 0.50 0.12
0.30 12.20 -1.80 0.00 0.00 -0.00 0.65 0.62 0.66
0.30 12.20 -1.80 0.00 0.00 -0.00 0.47 0.83 0.88
0.30 10.76 -0.72 0.00 0.00 -0.00 0.36 0.90 0.98
0.30 12.20 -1.80 0.20 0.00 0.00 0.48 0.34 0.16
0.30 10.76 -0.72 0.20 0.00 0.00 0.06 0.67 0.48
0.30 10.70 -0.81 0.20 0.00 0.00 0.60 0.12 0.14
-0.30 12.20 -1.80 0.00 0.00 0.00 0.21 0.09 0.34
-0.30 12.20 -1.80 0.00 0.00 0.00 0.31 0.12 0.68
-0.30 13.64 -0.72 0.00 0.00 0.00 0.36 0.04 0.26
-0.30 12.20 -1.80 -0.20 0.00 0.00 0.85 0.16 0.17
-0.30 13.64 -0.72 -0.20 0.00 0.00 0.48 0.83 0.32
-0.30 13.70 -0.81 -0.20 0.00 0.00 0.31 0.71 0.97
-0.30 12.20 -1.80 0.00 0.00 -0.00 0.20 0.70 0.43
-0.30 12.20 -1.80 0.00 0.00 -0.00 0.54 0.86 0.79
-0.30 10.76 -0.72 0.00 0.00 -0.00 0.21 0.34 0.27
-0.30 12.20 -1.80 0.20 0.00 0.00 0.32 0.47 0.34
-0.30 10.76 -0.72 0.20 0.00 0.00 0.42 0.82 0.93
-0.30 10.70 -0.81 0.20 0.00 0.00 0.54 0.50 0.14
0.30 13.70 -0.81 0.00 0.05 0.03 0.58 0.75 0.45
0.30 13.76 -0.90 0.00 0.05 0.03 0.74 0.93 0.80
-0.30 13.76 -0.90 0.00 0.05 0.03 0.57 0.24 0.66
0.30 13.70 -0.81 0.00 0.05 0.03 0.28 0.21 0.13
-0.30 13.76 -0.90 0.00 0.05 0.03 0.98 0.64 0.44
-0.30 13.70 -0.81 0.00 0.05 0.03 0.84 0.43 0.64
0.30 10.70 -0.81 0.00 0.05 -0.03 0.17 0.70 0.18
0.30 10.64 -0.90 0.00 0.05 -0.03 0.65 0.04 0.39
-0.30 10.64 -0.90 0.00 0.05 -0.03 0.47 0.97 0.71
0.30 10.70 -0.81 0.00 0.05 -0.03 0.97 0.11 0.13
-0.30 10.64 -0.90 0.00 0.05 -0.03 0.72 0.56 0.67
-0.30 10.70 -0.81 0.00 0.05 -0.03 0.65 0.36 0.25
0.30 12.20 -1.80 0.00 0.00 0.00 0.89 0.02 0.99
0.30 12.20 -1.80 0.00 0.00 0.00 0.09 0.15 0.56
0.30 13.70 -0.81 0.00 0.00 0.00 0.73 0.59 0.85
0.30 12.20 -1.80 -0.19 0.00 0.00 0.16 0.24 0.83
0.30 13.70 -0.81 -0.19 0.00 0.00 0.87 0.42 0.66
0.30 13.76 -0.90 -0.19 0.00 0.00 0.90 0.81 0.84
0.30 12.20 -1.80 0.00 0.00 -0.00 0.88 0.52 0.49
0.30 12.20 -1.80 0.00 0.00 -0.00 0.99 0.65 0.95
0.30 10.70 -0.81 0.00 0.00 -0.00 0.54 0.31 0.92
0.30 12.20 -1.80 0.19 0.00 0.00 0.91 0.56 0.64
0.30 10.70 -0.81 0.19 0.00 0.00 0.92 0.55 0.29
0.30 10.64 -0.90 0.19 0.00 0.00 0.08 0.11 0.17
-0.30 12.20 -1.80 0.00 0.00 0.00 0.67 0.96 0.27
-0.30 12.20 -1.80 0.00 0.00 0.00 0.90 0.79 0.00
-0.30 13.70 -0.81 0.00 0.00 0.00 0.32 0.45 0.16
-0.30 12.20 -1.80 -0.19 0.00 0.00 0.13 0.29 0.03
-0.30 13.70 -0.81 -0.19 0.00 0.00 0.65 0.78 0.93
-0.30 13.76 -0.90 -0.19 0.00 0.00 0.29 0.73 0.81
-0.30 12.20 -1.80 0.00 0.00 -0.00 0.60 0.65 0.79
-0.30 12.20 -1.80 0.00 0.00 -0.00 0.16 0.29 0.34
-0.30 10.70 -0.81 0.00 0.00 -0.00 0.71 0.58 0.25
-0.30 12.20 -1.80 0.19 0.00 0.00 0.82 0.75 0.17
-0.30 10.70 -0.81 0.19 0.00 0.00 0.78 0.02 0.25
-0.30 10.64 -0.90 0.19 0.00 0.00 0.57 0.02 0.91
0.30 13.76 -0.90 0.00 0.05 0.03 0.02 0.18 0.82
0.30 13.81 -0.99 0.00 0.05 0.03 0.31 0.21 0.14
-0.30 13.81 -0.99 0.00 0.05 0.03 0.09 0.14 0.27
0.30 13.76 -0.90 0.00 0.05 0.03 0.82 0.94 0.91
-0.30 13.81 -0.99 0.00 0.05 0.03 0.47 0.74 0.20
-0.30 13.76 -0.90 0.00 0.05 0.03 0.76 0.08 0.81
0.30 10.64 -0.90 0.00 0.05 -0.03 0.33 0.32 0.97
0.30 10.59 -0.99 0.00 0.05 -0.03 0.08 0.49 0.68
-0.30 10.59 -0.99 0.00 0.05 -0.03 0.10 0.74 0.50
0.30 10.64 -0.90 0.00 0.05 -0.03 0.12 0.65 0.28
-0.30 10.59 -0.99 0.00 0.05 -0.03 0.30 0.47 0.85
-0.30 10.64 -0.90 0.00 0.05 -0.03 0.50 0.61 0.87
0.30 12.20 -1.80 0.00 0.00 0.00 0.64 0.87 0.18
0.30 12.20 -1.80 0.00 0.00 0.00 0.58 0.79 0.26
0.30 13.76 -0.90 0.00 0.00 0.00 0.32 0.99 0.08
0.30 12.20 -1.80 -0.18 0.00 0.00 0.40 0.80 0.55
0.30 13.76 -0.90 -0.18 0.00 0.00 0.72 0.77 0.31
0.30 13.81 -0.99 -0.18 0.00 0.00 0.21 0.44 0.64
0.30 12.20 -1.80 0.00 0.00 -0.00 0.95 0.94 0.72
0.30 12.20 -1.80 0.00 0.00 -0.00 0.60 0.22 0.82
0.30 10.64 -0.90 0.00 0.00 -0.00 0.07 0.07 0.94
0.30 12.20 -1.80 0.18 0.00 0.00 0.67 0.93 0.23
0.30 10.64 -0.90 0.18 0.00 0.00 0.55 0.11 0.73
0.30 10.59 -0.99 0.18 0.00 0.00 0.33 0.37 0.37
-0.30 12.20 -1.80 0.00 0.00 0.00 0.32 0.45 0.95
-0.30 12.20 -1.80 0.00 0.00 0.00 0.12 1.00 0.27
-0.30 13.76 -0.90 0.00 0.00 0.00 0.89 0.30 0.67
-0.30 12.20 -1.80 -0.18 0.00 0.00 0.33 0.94 0.39
-0.30 13.76 -0.90 -0.18 0.00 0.00 0.28 0.66 0.60
-0.30 13.81 -0.99 -0.18 0.00 0.00 0.50 0.48 0.55
-0.30 12.20 -1.80 0.00 0.00 -0.00 0.56 0.42 0.15
-0.30 12.20 -1.80 0.00 0.00 -0.00 0.49 0.66 0.22
-0.30 10.64 -0.90 0.00 0.00 -0.00 0.60 0.39 0.89
-0.30 12.20 -1.80 0.18 0.00 0.00 0.97 0.76 0.44
-0.30 10.64 -0.90 0.18 0.00 0.00 0.42 0.72 0.78
-0.30 10.59 -0.99 0.18 0.00 0.00 0.42 0.99 0.10
0.30 13.81 -0.99 0.00 0.05 0.03 0.72 0.66 0.22
0.30 13.85 -1.08 0.00 0.05 0.03 0.66 0.04 0.11
-0.30 13.85 -1.08 0.00 0.05 0.03 0.32 0.65 0.45
0.30 13.81 -0.99 0.00 0.05 0.03 0.81 0.20 0.72
-0.30 13.85 -1.08 0.00 0.05 0.03 0.23 0.35 0.22
-0.30 13.81 -0.99 0.00 0.05 0.03 0.88 0.57 0.78
0.30 10.59 -0.99 0.00 0.05 -0.03 0.27 0.46 0.27
0.30 10.55 -1.08 0.00 0.05 -0.03 0.04 0.91 0.87
-0.30 10.55 -1.08 0.00 0.05 -0.03 0.75 0.68 0.84
0.30 10.59 -0.99 0.00 0.05 -0.03 0.74 0.78 0.26
-0.30 10.55 -1.08 0.00 0.05 -0.03 0.40 0.00 0.68
-0.30 10.59 -0.99 0.00 0.05 -0.03 0.44 0.12 0.40
0.30 12.20 -1.80 0.00 0.00 0.00 0.09 0.56 0.06
0.30 12.20 -1.80 0.00 0.00 0.00 0.28 0.29 0.38
0.30 13.81 -0.99 0.00 0.00 0.00 0.63 0.51 0.19
0.30 12.20 -1.80 -0.18 0.00 0.00 0.20 0.29 0.42
0.30 13.81 -0.99 -0.18 0.00 0.00 0.67 0.56 0.30
0.30 13.85 -1.08 -0.18 0.00 0.00 0.57 0.44 0.58
0.30 12.20 -1.80 0.00 0.00 -0.00 0.26 0.28 0.61
0.30 12.20 -1.80 0.00 0.00 -0.00 0.04 0.55 0.37
0.30 10.59 -0.99 0.00 0.00 -0.00 0.04 0.23 0.11
0.30 12.20 -1.80 0.18 0.00 0.00 0.16 0.63 0.50
0.30 10.59 -0.99 0.18 0.00 0.00 0.72 0.69 0.94
0.30 10.55 -1.08 0.18 0.00 0.00 0.01 0.07 0.03
-0.30 12.20 -1.80 0.00 0.00 0.00 0.52 0.26 0.31
-0.30 12.20 -1.80 0.00 0.00 0.00 0.81 0.68 0.94
-0.30 13.81 -0.99 0.00 0.00 0.00 0.37 0.98 0.15
-0.30 12.20 -1.80 -0.18 0.00 0.00 0.81 0.56 0.81
-0.30 13.81 -0.99 -0.18 0.00 0.00 0.09 0.17 0.39
-0.30 13.85 -1.08 -0.18 0.00 0.00 0.64 0.54 0.64
-0.30 12.20 -1.80 0.00 0.00 -0.00 0.87 0.64 0.68
-0.30 12.20 -1.80 0.00 0.00 -0.00 0.50 0.14 0.72
-0.30 10.59 -0.99 0.00 0.00 -0.00 0.19 0.08 0.88
-0.30 12.20 -1.80 0.18 0.00 0.00 0.26 0.11 0.60
-0.30 10.59 -0.99 0.18 0.00 0.00 0.52 0.42 0.61
-0.30 10.55 -1.08 0.18 0.00 0.00 0.20 0.37 0.12
0.30 13.85 -1.08 0.00 0.05 0.02 0.18 0.51 0.93
0.30 13.89 -1.17 0.00 0.05 0.02 0.74 0.33 0.30
-0.30 13.89 -1.17 0.00 0.05 0.02 0.91 0.71 0.10
0.30 13.85 -1.08 0.00 0.05 0.02 0.45 0.35 0.20
-0.30 13.89 -1.17 0.00 0.05 0.02 0.09 0.03 0.83
-0.30 13.85 -1.08 0.00 0.05 0.02 0.23 0.75 0.70
0.30 10.55 -1.08 0.00 0.05 -0.02 0.31 0.63 0.20
0.30 10.51 -1.17 0.00 0.05 -0.02 0.42 0.22 0.38
-0.30 10.51 -1.17 0.00 0.05 -0.02 0.84 0.83 0.64
0.30 10.55 -1.08 0.00 0.05 -0.02 0.21 0.95 0.16
-0.30 10.51 -1.17 0.00 0.05 -0.02 0.72 0.88 0.36
-0.30 10.55 -1.08 0.00 0.05 -0.02 0.05 0.18 0.55
0.30 12.20 -1.80 0.00 0.00 0.00 0.76 0.28 0.29
0.30 12.20 -1.80 0.00 0.00 0.00 0.11 0.47 0.20
0.30 13.85 -1.08 0.00 0.00 0.00 0.15 0.31 0.65
0.30 12.20 -1.80 -0.17 0.00 0.00 0.90 0.01 0.73
0.30 13.85 -1.08 -0.17 0.00 0.00 0.53 0.21 0.96
0.30 13.89 -1.17 -0.17 0.00 0.00 0.75 0.59 0.27
0.30 12.20 -1.80 0.00 0.00 -0.00 0.58 0.23 0.69
0.30 12.20 -1.80 0.00 0.00 -0.00 0.53 0.39 0.54
0.30 10.55 -1.08 0.00 0.00 -0.00 0.41 0.76 0.74
0.30 12.20 -1.80 0.17 0.00 0.00 0.59 0.31 0.46
0.30 10.55 -1.08 0.17 0.00 0.00 0.87 0.59 0.51
0.30 10.51 -1.17 0.17 0.00 0.00 0.34 0.79 0.27
-0.30 12.20 -1.80 0.00 0.00 0.00 0.65 0.44 0.38
-0.30 12.20 -1.80 0.00 0.00 0.00 0.66 0.17 0.53
-0.30 13.85 -1.08 0.00 0.00 0.00 0.87 0.14 0.43
-0.30 12.20 -1.80 -0.17 0.00 0.00 0.45 0.41 0.95
-0.30 13.85 -1.08 -0.17 0.00 0.00 0.68 0.10 0.70
-0.30 13.89 -1.17 -0.17 0.00 0.00 0.07 0.64 0.28
-0.30 12.20 -1.80 0.00 0.00 -0.00 0.83 0.38 0.82
-0.30 12.20 -1.80 0.00 0.00 -0.00 0.14 0.84 0.23
-0.30 10.55 -1.08 0.00 0.00 -0.00 0.73 0.35 0.82
-0.30 12.20 -1.80 0.17 0.00 0.00 0.52 0.62 0.69
-0.30 10.55 -1.08 0.17 0.00 0.00 0.96 0.01 0.03
-0.30 10.51 -1.17 0.17 0.00 0.00 0.14 0.53 0.68
0.30 13.89 -1.17 0.00 0.05 0.02 0.27 0.96 0.34
0.30 13.92 -1.26 0.00 0.05 0.02 0.68 0.91 0.21
-0.30 13.92 -1.26 0.00 0.05 0.02 0.78 0.62 0.66
0.30 13.89 -1.17 0.00 0.05 0.02 0.42 0.90 0.34
-0.30 13.92 -1.26 0.00 0.05 0.02 0.80 0.72 0.41
-0.30 13.89 -1.17 0.00 0.05 0.02 0.65 0.95 0.25
0.30 10.51 -1.17 0.00 0.05 -0.02 0.00 0.77 0.38
0.30 10.48 -1.26 0.00 0.05 -0.02 0.62 0.46 0.11
-0.30 10.48 -1.26 0.00 0.05 -0.02 0.63 0.49 0.64
0.30 10.51 -1.17 0.00 0.05 -0.02 0.16 0.17 0.60
-0.30 10.48 -1.26 0.00 0.05 -0.02 0.12 0.51 0.74
-0.30 10.51 -1.17 0.00 0.05 -0.02 0.04 0.72 0.01
0.30 12.20 -1.80 0.00 0.00 0.00 0.66 0.38 0.69
0.30 12.20 -1.80 0.00 0.00 0.00 0.56 0.72 0.47
0.30 13.89 -1.17 0.00 0.00 0.00 0.28 0.13 0.90
0.30 12.20 -1.80 -0.17 0.00 0.00 0.23 0.38 0.70
0.30 13.89 -1.17 -0.17 0.00 0.00 0.00 0.76 0.34
0.30 13.92 -1.26 -0.17 0.00 0.00 0.46 0.87 0.34
0.30 12.20 -1.80 0.00 0.00 -0.00 0.96 0.51 0.97
0.30 12.20 -1.80 0.00 0.00 -0.00 0.13 0.11 0.60
0.30 10.51 -1.17 0.00 0.00 -0.00 0.64 0.85 0.76
0.30 12.20 -1.80 0.17 0.00 0.00 0.36 0.86 0.88
0.30 10.51 -1.17 0.17 0.00 0.00 0.74 0.55 0.92
0.30 10.48 -1.26 0.17 0.00 0.00 0.46 0.03 0.58
-0.30 12.20 -1.80 0.00 0.00 0.00 0.59 0.92 0.13
-0.30 12.20 -1.80 0.00 0.00 0.00 0.97 0.62 0.41
-0.30 13.89 -1.17 0.00 0.00 0.00 0.73 0.96 0.65
-0.30 12.20 -1.80 -0.17 0.00 0.00 0.60 0.30 0.65
-0.30 13.89 -1.17 -0.17 0.00 0.00 0.12 0.27 0.12
-0.30 13.92 -1.26 -0.17 0.00 0.00 0.23 0.87 0.07
-0.30 12.20 -1.80 0.00 0.00 -0.00 0.07 0.63 0.20
-0.30 12.20 -1.80 0.00 0.00 -0.00 0.93 0.51 0.84
-0.30 10.51 -1.17 0.00 0.00 -0.00 0.49 0.43 0.20
-0.30 12.20 -1.80 0.17 0.00 0.00 0.51 0.00 0.94
-0.30 10.51 -1.17 0.17 0.00 0.00 0.43 0.14 0.39
-0.30 10.48 -1.26 0.17 0.00 0.00 0.05 0.55 0.98
0.30 13.92 -1.26 0.00 0.05 0.02 0.01 0.20 0.95
0.30 13.94 -1.35 0.00 0.05 0.02 0.32 0.85 0.68
-0.30 13.94 -1.35 0.00 0.05 0.02 0.59 0.97 0.29
0.30 13.92 -1.26 0.00 0.05 0.02 0.46 0.04 0.40
-0.30 13.94 -1.35 0.00 0.05 0.02 0.08 0.24 0.63
-0.30 13.92 -1.26 0.00 0.05 0.02 0.59 0.08 0.70
0.30 10.48 -1.26 0.00 0.05 -0.02 0.02 0.28 0.64
0.30 10.46 -1.35 0.00 0.05 -0.02 0.02 0.21 0.12
-0.30 10.46 -1.35 0.00 0.05 -0.02 0.16 0.60 0.63
0.30 10.48 -1.26 0.00 0.05 -0.02 0.71 0.58 0.07
-0.30 10.46 -1.35 0.00 0.05 -0.02 0.92 0.53 0.12
-0.30 10.48 -1.26 0.00 0.05 -0.02 0.77 0.21 0.13
0.30 12.20 -1.80 0.00 0.00 0.00 0.74 0.50 0.45
0.30 12.20 -1.80 0.00 0.00 0.00 0.78 0.90 0.04
0.30 13.92 -1.26 0.00 0.00 0.00 0.02 0.53 0.50
0.30 12.20 -1.80 -0.17 0.00 0.00 0.09 0.23 0.58
0.30 13.92 -1.26 -0.17 0.00 0.00 0.37 0.87 0.17
0.30 13.94 -1.35 -0.17 0.00 0.00 0.58 0.99 0.19
0.30 12.20 -1.80 0.00 0.00 -0.00 0.18 0.62 0.21
0.30 12.20 -1.80 0.00 0.00 -0.00 0.77 0.69 0.37
0.30 10.48 -1.26 0.00 0.00 -0.00 0.30 0.80 0.08
0.30 12.20 -1.80 0.17 0.00 0.00 0.51 0.94 1.00
0.30 10.48 -1.26 0.17 0.00 0.00 0.01 0.39 0.77
0.30 10.46 -1.35 0.17 0.00 0.00 0.92 0.43 0.50
-0.30 12.20 -1.80 0.00 0.00 0.00 0.45 0.92 0.28
-0.30 12.20 -1.80 0.00 0.00 0.00 0.68 0.50 0.30
-0.30 13.92 -1.26 0.00 0.00 0.00 0.54 0.67 0.39
-0.30 12.20 -1.80 -0.17 0.00 0.00 0.53 0.86 0.76
-0.30 13.92 -1.26 -0.17 0.00 0.00 0.15 0.07 0.34
-0.30 13.94 -1.35 -0.17 0.00 0.00 0.84 0.44 0.53
-0.30 12.20 -1.80 0.00 0.00 -0.00 0.64 0.52 0.29
-0.30 12.20 -1.80 0.00 0.00 -0.00 0.58 0.52 0.59
-0.30 10.48 -1.26 0.00 0.00 -0.00 0.96 0.29 0.10
-0.30 12.20 -1.80 0.17 0.00 0.00 0.39 0.79 0.12
-0.30 10.48 -1.26 0.17 0.00 0.00 0.31 0.08 0.03
-0.30 10.46 -1.35 0.17 0.00 0.00 0.82 0.37 0.48
0.30 13.94 -1.35 0.00 0.05 0.01 0.49 0.77 0.15
0.30 13.96 -1.44 0.00 0.05 0.01 0.35 0.53 0.70
-0.30 13.96 -1.44 0.00 0.05 0.01 0.42 0.87 0.23
0.30 13.94 -1.35 0.00 0.05 0.01 0.86 0.40 0.38
-0.30 13.96 -1.44 0.00 0.05 0.01 0.38 0.69 0.21
-0.30 13.94 -1.35 0.00 0.05 0.01 0.91 0.28 0.85
0.30 10.46 -1.35 0.00 0.05 -0.01 0.20 0.38 0.43
0.30 10.44 -1.44 0.00 0.05 -0.01 0.99 0.50 0.39
-0.30 10.44 -1.44 0.00 0.05 -0.01 0.07 0.53 0.78
0.30 10.46 -1.35 0.00 0.05 -0.01 0.44 0.01 0.10
-0.30 10.44 -1.44 0.00 0.05 -0.01 0.21 0.17 0.91
-0.30 10.46 -1.35 0.00 0.05 -0.01 0.74 0.86 0.40
0.30 12.20 -1.80 0.00 0.00 0.00 0.61 0.09 0.75
0.30 12.20 -1.80 0.00 0.00 0.00 0.01 0.47 0.17
0.30 13.94 -1.35 0.00 0.00 0.00 0.70 0.68 0.03
0.30 12.20 -1.80 -0.17 0.00 0.00 0.98 0.53 0.42
0.30 13.94 -1.35 -0.17 0.00 0.00 0.37 0.97 0.32
0.30 13.96 -1.44 -0.17 0.00 0.00 0.87 0.36 0.52
0.30 12.20 -1.80 0.00 0.00 -0.00 0.40 0.14 0.51
0.30 12.20 -1.80 0.00 0.00 -0.00 0.41 0.24 0.58
0.30 10.46 -1.35 0.00 0.00 -0.00 0.58 0.15 0.02
0.30 12.20 -1.80 0.17 0.00 0.00 0.44 0.56 0.23
0.30 10.46 -1.35 0.17 0.00 0.00 0.53 0.31 0.97
0.30 10.44 -1.44 0.17 0.00 0.00 1.00 0.48 0.59
-0.30 12.20 -1.80 0.00 0.00 0.00 0.68 0.51 0.60
-0.30 12.20 -1.80 0.00 0.00 0.00 0.22 0.93 0.30
-0.30 13.94 -1.35 0.00 0.00 0.00 0.18 0.25 0.29
-0.30 12.20 -1.80 -0.17 0.00 0.00 0.54 0.77 0.65
-0.30 13.94 -1.35 -0.17 0.00 0.00 0.68 0.29 0.52
-0.30 13.96 -1.44 -0.17 0.00 0.00 0.93 0.87 0.92
-0.30 12.20 -1.80 0.00 0.00 -0.00 0.08 0.89 0.33
-0.30 12.20 -1.80 0.00 0.00 -0.00 0.64 0.13 0.90
-0.30 10.46 -1.35 0.00 0.00 -0.00 0.95 0.10 0.34
-0.30 12.20 -1.80 0.17 0.00 0.00 0.43 0.69 0.88
-0.30 10.46 -1.35 0.17 0.00 0.00 0.94 0.29 0.88
-0.30 10.44 -1.44 0.17 0.00 0.00 0.87 0.59 0.56
0.30 13.96 -1.44 0.00 0.05 0.01 0.12 0.88 0.77
0.30 13.98 -1.53 0.00 0.05 0.01 0.90 0.53 0.95
-0.30 13.98 -1.53 0.00 0.05 0.01 0.19 0.04 0.49
0.30 13.96 -1.44 0.00 0.05 0.01 0.06 0.96 0.18
-0.30 13.98 -1.53 0.00 0.05 0.01 0.95 0.29 0.10
-0.30 13.96 -1.44 0.00 0.05 0.01 0.08 0.19 0.18
0.30 10.44 -1.44 0.00 0.05 -0.01 0.18 0.53 0.82
0.30 10.42 -1.53 0.00 0.05 -0.01 0.87 0.41 0.76
-0.30 10.42 -1.53 0.00 0.05 -0.01 0.16 0.28 0.19
0.30 10.44 -1.44 0.00 0.05 -0.01 0.75 0.84 0.13
-0.30 10.42 -1.53 0.00 0.05 -0.01 0.62 0.61 0.00
-0.30 10.44 -1.44 0.00 0.05 -0.01 0.15 0.56 0.13
0.30 12.20 -1.80 0.00 0.00 0.00 0.20 0.06 0.03
0.30 12.20 -1.80 0.00 0.00 0.00 0.16 0.24 0.21
0.30 13.96 -1.44 0.00 0.00 0.00 0.44 0.34 0.27
0.30 12.20 -1.80 -0.16 0.00 0.00 0.63 0.52 0.22
0.30 13.96 -1.44 -0.16 0.00 0.00 0.16 0.34 0.29
0.30 13.98 -1.53 -0.16 0.00 0.00 0.57 0.11 0.47
0.30 12.20 -1.80 0.00 0.00 -0.00 0.85 0.30 0.34
0.30 12.20 -1.80 0.00 0.00 -0.00 0.69 0.43 0.50
0.30 10.44 -1.44 0.00 0.00 -0.00 0.30 0.44 0.24
0.30 12.20 -1.80 0.16 0.00 0.00 0.87 0.57 0.87
0.30 10.44 -1.44 0.16 0.00 0.00 0.93 0.59 0.02
0.30 10.42 -1.53 0.16 0.00 0.00 0.16 0.81 0.21
-0.30 12.20 -1.80 0.00 0.00 0.00 0.50 0.07 0.37
-0.30 12.20 -1.80 0.00 0.00 0.00 0.03 0.29 0.81
-0.30 13.96 -1.44 0.00 0.00 0.00 0.37 0.59 0.44
-0.30 12.20 -1.80 -0.16 0.00 0.00 0.48 0.06 0.60
-0.30 13.96 -1.44 -0.16 0.00 0.00 0.78 0.40 0.17
-0.30 13.98 -1.53 -0.16 0.00 0.00 0.21 0.90 0.03
-0.30 12.20 -1.80 0.00 0.00 -0.00 0.65 0.14 0.72
-0.30 12.20 -1.80 0.00 0.00 -0.00 0.21 0.01 0.02
-0.30 10.44 -1.44 0.00 0.00 -0.00 0.80 0.02 0.89
-0.30 12.20 -1.80 0.16 0.00 0.00 0.61 0.24 0.82
-0.30 10.44 -1.44 0.16 0.00 0.00 0.68 0.61 0.98
-0.30 10.42 -1.53 0.16 0.00 0.00 0.98 0.42 0.49
0.30 13.98 -1.53 0.00 0.05 0.01 0.56 0.86 0.52
0.30 13.99 -1.62 0.00 0.05 0.01 0.63 0.47 0.89
-0.30 13.99 -1.62 0.00 0.05 0.01 0.03 0.64 0.36
0.30 13.98 -1.53 0.00 0.05 0.01 0.92 0.67 0.14
-0.30 13.99 -1.62 0.00 0.05 0.01 0.06 0.39 0.35
-0.30 13.98 -1.53 0.00 0.05 0.01 0.07 0.42 1.00
0.30 10.42 -1.53 0.00 0.05 -0.01 0.09 0.31 0.21
0.30 10.41 -1.62 0.00 0.05 -0.01 0.33 0.13 0.01
-0.30 10.41 -1.62 0.00 0.05 -0.01 0.94 0.11 0.62
0.30 10.42 -1.53 0.00 0.05 -0.01 0.36 0.60 0.31
-0.30 10.41 -1.62 0.00 0.05 -0.01 0.22 0.12 0.28
-0.30 10.42 -1.53 0.00 0.05 -0.01 0.69 0.00 0.85
0.30 12.20 -1.80 0.00 0.00 0.00 0.33 0.37 0.47
0.30 12.20 -1.80 0.00 0.00 0.00 0.00 0.51 0.50
0.30 13.98 -1.53 0.00 0.00 0.00 0.39 0.86 0.42
0.30 12.20 -1.80 -0.16 0.00 0.00 0.81 0.86 0.49
0.30 13.98 -1.53 -0.16 0.00 0.00 0.12 0.07 0.56
0.30 13.99 -1.62 -0.16 0.00 0.00 0.25 0.08 0.65
0.30 12.20 -1.80 0.00 0.00 -0.00 0.36 0.70 0.98
0.30 12.20 -1.80 0.00 0.00 -0.00 0.96 0.01 0.91
0.30 10.42 -1.53 0.00 0.00 -0.00 0.08 0.30 0.27
0.30 12.20 -1.80 0.16 0.00 0.00 0.09 0.15 0.49
0.30 10.42 -1.53 0.16 0.00 0.00 0.46 0.62 0.18
0.30 10.41 -1.62 0.16 0.00 0.00 0.97 0.12 0.51
-0.30 12.20 -1.80 0.00 0.00 0.00 0.83 0.55 0.51
-0.30 12.20 -1.80 0.00 0.00 0.00 0.69 0.03 0.90
-0.30 13.98 -1.53 0.00 0.00 0.00 0.76 0.59 0.71
-0.30 12.20 -1.80 -0.16 0.00 0.00 0.85 0.23 0.83
-0.30 13.98 -1.53 -0.16 0.00 0.00 0.55 0.21 0.08
-0.30 13.99 -1.62 -0.16 0.00 0.00 0.56 0.12 0.44
-0.30 12.20 -1.80 0.00 0.00 -0.00 0.86 0.40 0.40
-0.30 12.20 -1.80 0.00 0.00 -0.00 0.00 0.89 0.48
-0.30 10.42 -1.53 0.00 0.00 -0.00 0.62 0.07 0.57
-0.30 12.20 -1.80 0.16 0.00 0.00 0.75 0.58 0.02
-0.30 10.42 -1.53 0.16 0.00 0.00 0.29 0.09 0.99
-0.30 10.41 -1.62 0.16 0.00 0.00 0.32 0.99 0.82
0.30 13.99 -1.62 0.00 0.05 0.00 0.91 0.70 0.52
0.30 14.00 -1.71 0.00 0.05 0.00 0.14 0.52 0.28
-0.30 14.00 -1.71 0.00 0.05 0.00 0.36 0.60 0.13
0.30 13.99 -1.62 0.00 0.05 0.00 0.48 0.04 0.68
-0.30 14.00 -1.71 0.00 0.05 0.00 0.88 0.44 0.24
-0.30 13.99 -1.62 0.00 0.05 0.00 0.77 0.92 0.10
0.30 10.41 -1.62 0.00 0.05 -0.00 0.83 0.49 0.10
0.30 10.40 -1.71 0.00 0.05 -0.00 0.41 0.51 0.73
-0.30 10.40 -1.71 0.00 0.05 -0.00 0.49 0.50 0.47
0.30 10.41 -1.62 0.00 0.05 -0.00 0.48 0.33 0.76
-0.30 10.40 -1.71 0.00 0.05 -0.00 0.18 0.84 0.08
-0.30 10.41 -1.62 0.00 0.05 -0.00 0.70 0.13 1.00
0.30 12.20 -1.80 0.00 0.00 0.00 0.30 0.25 0.14
0.30 12.20 -1.80 0.00 0.00 0.00 0.33 0.93 0.50
0.30 13.99 -1.62 0.00 0.00 0.00 0.77 0.17 0.98
0.30 12.20 -1.80 -0.16 0.00 0.00 0.69 0.27 0.85
0.30 13.99 -1.62 -0.16 0.00 0.00 0.17 0.37 0.62
0.30 14.00 -1.71 -0.16 0.00 0.00 0.68 0.10 0.45
0.30 12.20 -1.80 0.00 0.00 -0.00 0.18 0.57 0.86
0.30 12.20 -1.80 0.00 0.00 -0.00 0.51 0.33 0.35
0.30 10.41 -1.62 0.00 0.00 -0.00 0.36 0.42 0.83
0.30 12.20 -1.80 0.16 0.00 0.00 0.48 0.41 0.01
0.30 10.41 -1.62 0.16 0.00 0.00 0.73 0.55 0.71
0.30 10.40 -1.71 0.16 0.00 0.00 0.66 0.05 0.01
-0.30 12.20 -1.80 0.00 0.00 0.00 0.83 0.02 0.34
-0.30 12.20 -1.80 0.00 0.00 0.00 0.10 0.88 0.11
-0.30 13.99 -1.62 0.00 0.00 0.00 0.47 0.50 0.80
-0.30 12.20 -1.80 -0.16 0.00 0.00 0.57 0.95 0.97
-0.30 13.99 -1.62 -0.16 0.00 0.00 0.14 0.81 0.65
-0.30 14.00 -1.71 -0.16 0.00 0.00 0.47 0.16 0.84
-0.30 12.20 -1.80 0.00 0.00 -0.00 0.88 1.00 0.35
-0.30 12.20 -1.80 0.00 0.00 -0.00 0.29 0.01 0.70
-0.30 10.41 -1.62 0.00 0.00 -0.00 0.85 0.72 0.18
-0.30 12.20 -1.80 0.16 0.00 0.00 0.89 0.73 0.92
-0.30 10.41 -1.62 0.16 0.00 0.00 0.92 0.07 0.58
-0.30 10.40 -1.71 0.16 0.00 0.00 0.80 0.18 0.41
0.30 14.00 -1.71 0.00 0.05 0.00 0.29 0.98 0.51
0.30 14.00 -1.80 0.00 0.05 0.00 0.24 0.96 0.98
-0.30 14.00 -1.80 0.00 0.05 0.00 0.05 0.61 0.55
0.30 14.00 -1.71 0.00 0.05 0.00 0.21 0.44 0.69
-0.30 14.00 -1.80 0.00 0.05 0.00 0.21 0.79 0.16
-0.30 14.00 -1.71 0.00 0.05 0.00 0.21 0.49 0.04
0.30 10.40 -1.71 0.00 0.05 -0.00 0.93 0.68 0.33
0.30 10.40 -1.80 0.00 0.05 -0.00 0.66 0.59 0.18
-0.30 10.40 -1.80 0.00 0.05 -0.00 0.73 0.17 0.07
0.30 10.40 -1.71 0.00 0.05 -0.00 0.92 0.58 0.99
-0.30 10.40 -1.80 0.00 0.05 -0.00 0.90 0.10 0.78
-0.30 10.40 -1.71 0.00 0.05 -0.00 0.86 0.08 0.08
0.30 12.20 -1.80 0.00 0.00 0.00 0.47 0.63 0.32
0.30 12.20 -1.80 0.00 0.00 0.00 0.91 0.32 0.37
0.30 14.00 -1.71 0.00 0.00 0.00 0.70 0.47 0.58
0.30 12.20 -1.80 -0.16 0.00 0.00 0.20 0.51 0.79
0.30 14.00 -1.71 -0.16 0.00 0.00 0.88 0.85 0.01
0.30 14.00 -1.80 -0.16 0.00 0.00 0.47 0.03 0.94
0.30 12.20 -1.80 0.00 0.00 -0.00 0.64 0.10 0.60
0.30 12.20 -1.80 0.00 0.00 -0.00 0.23 0.09 0.33
0.30 10.40 -1.71 0.00 0.00 -0.00 0.32 0.88 0.25
0.30 12.20 -1.80 0.16 0.00 0.00 0.40 0.95 0.15
0.30 10.40 -1.71 0.16 0.00 0.00 0.03 0.27 0.00
0.30 10.40 -1.80 0.16 0.00 0.00 0.35 0.64 0.47
-0.30 12.20 -1.80 0.00 0.00 0.00 0.83 0.22 0.38
-0.30 12.20 -1.80 0.00 0.00 0.00 0.34 0.01 0.08
-0.30 14.00 -1.71 0.00 0.00 0.00 0.19 0.02 0.28
-0.30 12.20 -1.80 -0.16 0.00 0.00 0.22 0.96 0.16
-0.30 14.00 -1.71 -0.16 0.00 0.00 0.32 0.56 0.63
-0.30 14.00 -1.80 -0.16 0.00 0.00 0.41 0.89 0.27
-0.30 12.20 -1.80 0.00 0.00 -0.00 0.29 0.13 0.50
-0.30 12.20 -1.80 0.00 0.00 -0.00 0.24 0.28 0.82
-0.30 10.40 -1.71 0.00 0.00 -0.00 0.52 0.28 0.23
-0.30 12.20 -1.80 0.16 0.00 0.00 0.16 0.75 0.26
-0.30 10.40 -1.71 0.16 0.00 0.00 0.38 0.13 0.61
-0.30 10.40 -1.80 0.16 0.00 0.00 0.40 0.22 0.44
0.30 14.00 -1.80 0.00 0.05 -0.00 0.42 0.50 0.78
0.30 14.00 -1.89 0.00 0.05 -0.00 0.37 0.65 0.97
-0.30 14.00 -1.89 0.00 0.05 -0.00 0.93 0.28 0.19
0.30 14.00 -1.80 0.00 0.05 -0.00 0.82 0.55 0.51
-0.30 14.00 -1.89 0.00 0.05 -0.00 0.95 0.05 0.92
-0.30 14.00 -1.80 0.00 0.05 -0.00 0.23 0.87 0.21
0.30 10.40 -1.80 0.00 0.05 0.00 0.51 0.10 0.46
0.30 10.40 -1.89 0.00 0.05 0.00 0.27 0.36 0.97
-0.30 10.40 -1.89 0.00 0.05 0.00 0.40 0.97 0.13
0.30 10.40 -1.80 0.00 0.05 0.00 0.62 0.41 0.51
-0.30 10.40 -1.89 0.00 0.05 0.00 0.12 0.18 0.91
-0.30 10.40 -1.80 0.00 0.05 0.00 0.77 0.15 0.32
0.30 12.20 -1.80 0.00 0.00 0.00 0.05 0.34 0.69
0.30 12.20 -1.80 0.00 0.00 0.00 0.60 0.85 0.62
0.30 14.00 -1.80 0.00 0.00 0.00 0.65 0.78 0.44
0.30 12.20 -1.80 -0.16 0.00 0.00 0.52 0.99 0.39
0.30 14.00 -1.80 -0.16 0.00 0.00 0.62 0.45 0.62
0.30 14.00 -1.89 -0.16 0.00 0.00 0.98 0.42 0.13
0.30 12.20 -1.80 0.00 0.00 -0.00 0.95 0.55 0.39
0.30 12.20 -1.80 0.00 0.00 -0.00 0.35 0.06 0.79
0.30 10.40 -1.80 0.00 0.00 -0.00 0.54 0.96 0.41
0.30 12.20 -1.80 0.16 0.00 0.00 0.69 0.29 0.53
0.30 10.40 -1.80 0.16 0.00 0.00 0.03 0.98 0.30
0.30 10.40 -1.89 0.16 0.00 0.00 0.88 0.60 0.35
-0.30 12.20 -1.80 0.00 0.00 0.00 0.66 0.04 0.95
-0.30 12.20 -1.80 0.00 0.00 0.00 0.65 0.43 0.60
-0.30 14.00 -1.80 0.00 0.00 0.00 0.09 0.05 0.12
-0.30 12.20 -1.80 -0.16 0.00 0.00 0.51 0.18 0.74
-0.30 14.00 -1.80 -0.16 0.00 0.00 0.06 0.57 0.72
-0.30 14.00 -1.89 -0.16 0.00 0.00 0.12 0.36 0.67
-0.30 12.20 -1.80 0.00 0.00 -0.00 0.09 0.78 0.02
-0.30 12.20 -1.80 0.00 0.00 -0.00 0.37 0.30 0.56
-0.30 10.40 -1.80 0.00 0.00 -0.00 0.35 0.60 0.25
-0.30 12.20 -1.80 0.16 0.00 0.00 0.95 0.95 0.28
-0.30 10.40 -1.80 0.16 0.00 0.00 1.00 0.90 0.16
-0.30 10.40 -1.89 0.16 0.00 0.00 0.43 0.50 0.82
0.30 14.00 -1.89 0.00 0.05 -0.00 0.48 0.62 0.46
0.30 13.99 -1.98 0.00 0.05 -0.00 0.66 0.36 0.56
-0.30 13.99 -1.98 0.00 0.05 -0.00 0.23 0.07 0.07
0.30 14.00 -1.89 0.00 0.05 -0.00 0.59 0.74 0.14
-0.30 13.99 -1.98 0.00 0.05 -0.00 0.37 0.76 0.26
-0.30 14.00 -1.89 0.00 0.05 -0.00 0.67 0.31 0.34
0.30 10.40 -1.89 0.00 0.05 0.00 0.27 0.56 0.72
0.30 10.41 -1.98 0.00 0.05 0.00 0.22 0.83 0.07
-0.30 10.41 -1.98 0.00 0.05 0.00 0.12 0.99 0.02
0.30 10.40 -1.89 0.00 0.05 0.00 0.61 0.81 0.02
-0.30 10.41 -1.98 0.00 0.05 0.00 0.23 0.27 0.45
-0.30 10.40 -1.89 0.00 0.05 0.00 0.59 0.83 0.93
0.30 12.20 -1.80 -0.00 0.00 0.00 0.66 0.90 0.59
0.30 12.20 -1.80 -0.00 0.00 0.00 0.40 0.04 0.82
0.30 14.00 -1.89 -0.00 0.00 0.00 0.16 0.29 0.41
0.30 12.20 -1.80 -0.16 0.00 0.00 0.47 0.64 0.78
0.30 14.00 -1.89 -0.16 0.00 0.00 0.03 0.35 0.45
0.30 13.99 -1.98 -0.16 0.00 0.00 0.87 0.42 0.72
0.30 12.20 -1.80 0.00 0.00 -0.00 0.86 0.44 0.95
0.30 12.20 -1.80 0.00 0.00 -0.00 0.67 0.46 0.06
0.30 10.40 -1.89 0.00 0.00 -0.00 0.94 0.91 0.68
0.30 12.20 -1.80 0.16 0.00 0.00 0.77 0.84 0.91
0.30 10.40 -1.89 0.16 0.00 0.00 0.67 0.43 0.50
0.30 10.41 -1.98 0.16 0.00 0.00 0.71 0.24 0.16
-0.30 12.20 -1.80 -0.00 0.00 0.00 1.00 0.65 0.56
-0.30 12.20 -1.80 -0.00 0.00 0.00 0.64 0.43 0.72
-0.30 14.00 -1.89 -0.00 0.00 0.00 0.99 0.88 0.20
-0.30 12.20 -1.80 -0.16 0.00 0.00 0.41 0.61 0.23
-0.30 14.00 -1.89 -0.16 0.00 0.00 0.85 0.56 0.09
-0.30 13.99 -1.98 -0.16 0.00 0.00 0.31 0.62 0.95
-0.30 12.20 -1.80 0.00 0.00 -0.00 0.22 0.30 0.62
-0.30 12.20 -1.80 0.00 0.00 -0.00 0.06 0.21 0.56
-0.30 10.40 -1.89 0.00 0.00 -0.00 0.48 0.70 0.33
-0.30 12.20 -1.80 0.16 0.00 0.00 0.73 0.86 1.00
-0.30 10.40 -1.89 0.16 0.00 0.00 0.38 0.42 0.70
-0.30 10.41 -1.98 0.16 0.00 0.00 0.81 0.15 0.70
0.30 13.99 -1.98 0.00 0.05 -0.01 0.70 0.34 0.34
0.30 13.98 -2.07 0.00 0.05 -0.01 0.31 0.57 0.33
-0.30 13.98 -2.07 0.00 0.05 -0.01 0.86 0.66 0.74
0.30 13.99 -1.98 0.00 0.05 -0.01 0.48 0.62 0.59
-0.30 13.98 -2.07 0.00 0.05 -0.01 0.78 0.24 0.89
-0.30 13.99 -1.98 0.00 0.05 -0.01 0.99 0.80 0.11
0.30 10.41 -1.98 0.00 0.05 0.01 0.69 0.13 0.17
0.30 10.42 -2.07 0.00 0.05 0.01 0.55 0.12 0.65
-0.30 10.42 -2.07 0.00 0.05 0.01 0.98 0.83 0.38
0.30 10.41 -1.98 0.00 0.05 0.01 0.12 0.53 0.76
-0.30 10.42 -2.07 0.00 0.05 0.01 0.46 0.87 0.57
-0.30 10.41 -1.98 0.00 0.05 0.01 0.03 0.20 0.27
0.30 12.20 -1.80 -0.00 0.00 0.00 0.70 0.94 0.57
0.30 12.20 -1.80 -0.00 0.00 0.00 0.32 0.52 0.43
0.30 13.99 -1.98 -0.00 0.00 0.00 0.56 0.42 0.91
0.30 12.20 -1.80 -0.16 0.00 0.00 0.36 0.53 0.69
0.30 13.99 -1.98 -0.16 0.00 0.00 0.49 0.69 0.68
0.30 13.98 -2.07 -0.16 0.00 0.00 0.61 0.34 0.37
0.30 12.20 -1.80 0.00 0.00 -0.00 0.44 0.72 0.92
0.30 12.20 -1.80 0.00 0.00 -0.00 0.97 0.47 0.89
0.30 10.41 -1.98 0.00 0.00 -0.00 0.83 0.04 0.02
0.30 12.20 -1.80 0.16 0.00 0.00 0.03 0.30 0.48
0.30 10.41 -1.98 0.16 0.00 0.00 0.97 0.88 0.51
0.30 10.42 -2.07 0.16 0.00 0.00 0.49 0.31 0.21
-0.30 12.20 -1.80 -0.00 0.00 0.00 0.91 0.22 0.53
-0.30 12.20 -1.80 -0.00 0.00 0.00 0.43 0.91 0.08
-0.30 13.99 -1.98 -0.00 0.00 0.00 0.12 0.59 0.44
-0.30 12.20 -1.80 -0.16 0.00 0.00 0.46 0.95 0.93
-0.30 13.99 -1.98 -0.16 0.00 0.00 0.18 0.87 0.54
-0.30 13.98 -2.07 -0.16 0.00 0.00 0.65 0.77 0.97
-0.30 12.20 -1.80 0.00 0.00 -0.00 0.69 0.78 0.94
-0.30 12.20 -1.80 0.00 0.00 -0.00 0.99 0.27 0.77
-0.30 10.41 -1.98 0.00 0.00 -0.00 0.87 0.78 0.81
-0.30 12.20 -1.80 0.16 0.00 0.00 0.17 0.99 0.77
-0.30 10.41 -1.98 0.16 0.00 0.00 0.39 0.52 0.26
-0.30 10.42 -2.07 0.16 0.00 0.00 0.31 0.60 0.17
0.30 13.98 -2.07 0.00 0.05 -0.01 0.89 0.04 0.60
0.30 13.96 -2.16 0.00 0.05 -0.01 0.85 0.97 0.72
-0.30 13.96 -2.16 0.00 0.05 -0.01 0.72 0.50 0.18
0.30 13.98 -2.07 0.00 0.05 -0.01 0.49 0.48 0.36
-0.30 13.96 -2.16 0.00 0.05 -0.01 0.27 0.42 0.00
-0.30 13.98 -2.07 0.00 0.05 -0.01 0.54 0.19 0.69
0.30 10.42 -2.07 0.00 0.05 0.01 0.32 0.99 0.68
0.30 10.44 -2.16 0.00 0.05 0.01 0.31 0.77 0.55
-0.30 10.44 -2.16 0.00 0.05 0.01 0.83 0.03 0.72
0.30 10.42 -2.07 0.00 0.05 0.01 0.43 0.20 0.11
-0.30 10.44 -2.16 0.00 0.05 0.01 0.48 0.80 0.42
-0.30 10.42 -2.07 0.00 0.05 0.01 0.44 0.51 0.31
0.30 12.20 -1.80 -0.00 0.00 0.00 0.95 0.70 0.16
0.30 12.20 -1.80 -0.00 0.00 0.00 0.42 0.05 0.88
0.30 13.98 -2.07 -0.00 0.00 0.00 0.84 0.06 0.37
0.30 12.20 -1.80 -0.16 0.00 0.00 0.03 0.75 0.64
0.30 13.98 -2.07 -0.16 0.00 0.00 0.02 0.43 0.18
0.30 13.96 -2.16 -0.16 0.00 0.00 0.79 0.97 0.50
0.30 12.20 -1.80 0.00 0.00 -0.00 0.82 0.69 0.81
0.30 12.20 -1.80 0.00 0.00 -0.00 0.02 0.80 0.64
0.30 10.42 -2.07 0.00 0.00 -0.00 0.81 0.22 0.07
0.30 12.20 -1.80 0.16 0.00 0.00 0.33 0.53 0.54
0.30 10.42 -2.07 0.16 0.00 0.00 0.02 0.69 0.99
0.30 10.44 -2.16 0.16 0.00 0.00 0.08 0.57 0.94
-0.30 12.20 -1.80 -0.00 0.00 0.00 0.13 0.93 0.36
-0.30 12.20 -1.80 -0.00 0.00 0.00 0.88 0.58 0.20
-0.30 13.98 -2.07 -0.00 0.00 0.00 0.31 0.76 0.23
-0.30 12.20 -1.80 -0.16 0.00 0.00 0.28 0.25 0.26
-0.30 13.98 -2.07 -0.16 0.00 0.00 0.97 0.06 0.05
-0.30 13.96 -2.16 -0.16 0.00 0.00 0.77 0.70 0.87
-0.30 12.20 -1.80 0.00 0.00 -0.00 0.99 0.77 0.89
-0.30 12.20 -1.80 0.00 0.00 -0.00 0.52 0.31 0.70
-0.30 10.42 -2.07 0.00 0.00 -0.00 0.20 0.30 0.03
-0.30 12.20 -1.80 0.16 0.00 0.00 0.77 0.24 0.05
-0.30 10.42 -2.07 0.16 0.00 0.00 0.71 0.60 0.13
-0.30 10.44 -2.16 0.16 0.00 0.00 0.28 0.80 0.26
0.30 13.96 -2.16 0.00 0.05 -0.01 0.04 0.03 0.14
0.30 13.94 -2.25 0.00 0.05 -0.01 0.29 0.29 0.45
-0.30 13.94 -2.25 0.00 0.05 -0.01 0.36 0.34 0.73
0.30 13.96 -2.16 0.00 0.05 -0.01 0.06 0.21 0.70
-0.30 13.94 -2.25 0.00 0.05 -0.01 0.83 0.10 0.47
-0.30 13.96 -2.16 0.00 0.05 -0.01 0.14 0.80 0.46
0.30 10.44 -2.16 0.00 0.05 0.01 0.44 0.83 0.97
0.30 10.46 -2.25 0.00 0.05 0.01 0.68 0.89 0.18
-0.30 10.46 -2.25 0.00 0.05 0.01 0.28 0.02 0.95
0.30 10.44 -2.16 0.00 0.05 0.01 0.09 0.28 0.66
-0.30 10.46 -2.25 0.00 0.05 0.01 0.12 0.42 0.94
-0.30 10.44 -2.16 0.00 0.05 0.01 0.41 0.87 0.97
0.30 12.20 -1.80 -0.00 0.00 0.00 0.75 0.59 0.27
0.30 12.20 -1.80 -0.00 0.00 0.00 0.96 0.29 0.62
0.30 13.96 -2.16 -0.00 0.00 0.00 0.05 0.76 0.68
0.30 12.20 -1.80 -0.17 0.00 0.00 0.85 0.21 0.50
0.30 13.96 -2.16 -0.17 0.00 0.00 0.69 0.19 0.65
0.30 13.94 -2.25 -0.17 0.00 0.00 0.57 0.37 0.09
0.30 12.20 -1.80 0.00 0.00 -0.00 0.59 0.32 0.78
0.30 12.20 -1.80 0.00 0.00 -0.00 0.87 0.97 0.06
0.30 10.44 -2.16 0.00 0.00 -0.00 0.29 0.91 0.15
0.30 12.20 -1.80 0.17 0.00 0.00 0.15 0.88 0.27
0.30 10.44 -2.16 0.17 0.00 0.00 0.75 0.15 0.68
0.30 10.46 -2.25 0.17 0.00 0.00 0.04 0.77 0.43
-0.30 12.20 -1.80 -0.00 0.00 0.00 0.79 0.45 0.38
-0.30 12.20 -1.80 -0.00 0.00 0.00 0.00 0.95 0.44
-0.30 13.96 -2.16 -0.00 0.00 0.00 0.19 0.60 0.29
-0.30 12.20 -1.80 -0.17 0.00 0.00 0.55 0.69 0.98
-0.30 13.96 -2.16 -0.17 0.00 0.00 0.87 0.46 0.55
-0.30 13.94 -2.25 -0.17 0.00 0.00 0.84 0.52 0.14
-0.30 12.20 -1.80 0.00 0.00 -0.00 0.75 0.67 0.01
-0.30 12.20 -1.80 0.00 0.00 -0.00 0.63 0.94 0.30
-0.30 10.44 -2.16 0.00 0.00 -0.00 0.78 0.61 0.45
-0.30 12.20 -1.80 0.17 0.00 0.00 0.54 0.04 0.20
-0.30 10.44 -2.16 0.17 0.00 0.00 0.99 0.42 0.24
-0.30 10.46 -2.25 0.17 0.00 0.00 0.94 0.86 0.03
0.30 13.94 -2.25 0.00 0.05 -0.02 0.54 0.16 0.03
0.30 13.92 -2.34 0.00 0.05 -0.02 0.23 0.14 0.22
-0.30 13.92 -2.34 0.00 0.05 -0.02 0.70 0.69 0.77
0.30 13.94 -2.25 0.00 0.05 -0.02 0.22 0.83 0.64
-0.30 13.92 -2.34 0.00 0.05 -0.02 0.89 0.84 0.48
-0.30 13.94 -2.25 0.00 0.05 -0.02 0.83 0.14 0.23
0.30 10.46 -2.25 0.00 0.05 0.02 0.44 0.59 0.86
0.30 10.48 -2.34 0.00 0.05 0.02 0.48 0.79 0.63
-0.30 10.48 -2.34 0.00 0.05 0.02 0.91 0.02 0.18
0.30 10.46 -2.25 0.00 0.05 0.02 0.77 0.05 0.17
-0.30 10.48 -2.34 0.00 0.05 0.02 0.93 0.08 0.11
-0.30 10.46 -2.25 0.00 0.05 0.02 0.06 0.30 0.65
0.30 12.20 -1.80 -0.00 0.00 0.00 0.75 0.07 0.88
0.30 12.20 -1.80 -0.00 0.00 0.00 0.58 0.71 0.58
0.30 13.94 -2.25 -0.00 0.00 0.00 0.42 0.19 0.80
0.30 12.20 -1.80 -0.17 0.00 0.00 0.56 0.42 0.69
0.30 13.94 -2.25 -0.17 0.00 0.00 0.15 0.28 0.52
0.30 13.92 -2.34 -0.17 0.00 0.00 0.94 0.91 0.97
0.30 12.20 -1.80 0.00 0.00 -0.00 0.96 0.09 0.45
0.30 12.20 -1.80 0.00 0.00 -0.00 0.02 0.26 0.36
0.30 10.46 -2.25 0.00 0.00 -0.00 0.10 0.37 0.13
0.30 12.20 -1.80 0.17 0.00 0.00 0.39 0.02 0.06
0.30 10.46 -2.25 0.17 0.00 0.00 0.46 0.91 0.13
0.30 10.48 -2.34 0.17 0.00 0.00 0.17 0.49 0.88
-0.30 12.20 -1.80 -0.00 0.00 0.00 0.37 0.29 0.46
-0.30 12.20 -1.80 -0.00 0.00 0.00 0.79 0.98 0.88
-0.30 13.94 -2.25 -0.00 0.00 0.00 0.07 0.51 0.44
-0.30 12.20 -1.80 -0.17 0.00 0.00 0.98 0.47 0.59
-0.30 13.94 -2.25 -0.17 0.00 0.00 0.07 0.93 0.53
-0.30 13.92 -2.34 -0.17 0.00 0.00 0.33 0.29 0.50
-0.30 12.20 -1.80 0.00 0.00 -0.00 0.70 0.42 0.52
-0.30 12.20 -1.80 0.00 0.00 -0.00 0.72 0.48 0.61
-0.30 10.46 -2.25 0.00 0.00 -0.00 0.62 0.61 0.00
-0.30 12.20 -1.80 0.17 0.00 0.00 0.11 0.49 0.46
-0.30 10.46 -2.25 0.17 0.00 0.00 0.40 0.95 0.64
-0.30 10.48 -2.34 0.17 0.00 0.00 0.38 0.83 0.00
0.30 13.92 -2.34 0.00 0.05 -0.02 0.89 0.28 0.79
0.30 13.89 -2.43 0.00 0.05 -0.02 0.37 0.87 0.86
-0.30 13.89 -2.43 0.00 0.05 -0.02 0.29 0.41 0.84
0.30 13.92 -2.34 0.00 0.05 -0.02 0.58 0.91 0.92
-0.30 13.89 -2.43 0.00 0.05 -0.02 0.00 0.42 0.25
-0.30 13.92 -2.34 0.00 0.05 -0.02 0.48 0.03 0.94
0.30 10.48 -2.34 0.00 0.05 0.02 0.09 0.03 0.66
0.30 10.51 -2.43 0.00 0.05 0.02 0.58 0.50 0.29
-0.30 10.51 -2.43 0.00 0.05 0.02 0.53 0.13 0.40
0.30 10.48 -2.34 0.00 0.05 0.02 0.36 0.14 0.80
-0.30 10.51 -2.43 0.00 0.05 0.02 0.63 0.93 0.18
-0.30 10.48 -2.34 0.00 0.05 0.02 0.50 0.79 0.07
0.30 12.20 -1.80 -0.00 0.00 0.00 0.91 0.64 0.44
0.30 12.20 -1.80 -0.00 0.00 0.00 0.81 0.55 0.73
0.30 13.92 -2.34 -0.00 0.00 0.00 0.24 0.80 0.31
0.30 12.20 -1.80 -0.17 0.00 0.00 0.27 0.74 0.31
0.30 13.92 -2.34 -0.17 0.00 0.00 0.30 0.40 0.80
0.30 13.89 -2.43 -0.17 0.00 0.00 0.80 0.69 0.89
0.30 12.20 -1.80 0.00 0.00 -0.00 0.93 0.08 0.47
0.30 12.20 -1.80 0.00 0.00 -0.00 0.07 0.88 1.00
0.30 10.48 -2.34 0.00 0.00 -0.00 1.00 0.06 0.35
0.30 12.20 -1.80 0.17 0.00 0.00 0.79 0.13 0.99
0.30 10.48 -2.34 0.17 0.00 0.00 0.42 0.57 0.49
0.30 10.51 -2.43 0.17 0.00 0.00 0.97 0.30 0.40
-0.30 12.20 -1.80 -0.00 0.00 0.00 0.77 0.61 0.21
-0.30 12.20 -1.80 -0.00 0.00 0.00 0.51 0.93 0.45
-0.30 13.92 -2.34 -0.00 0.00 0.00 0.92 0.73 0.72
-0.30 12.20 -1.80 -0.17 0.00 0.00 0.60 0.62 0.02
-0.30 13.92 -2.34 -0.17 0.00 0.00 0.69 0.09 0.81
-0.30 13.89 -2.43 -0.17 0.00 0.00 0.57 0.09 0.75
-0.30 12.20 -1.80 0.00 0.00 -0.00 0.63 0.44 0.82
-0.30 12.20 -1.80 0.00 0.00 -0.00 0.76 0.43 0.81
-0.30 10.48 -2.34 0.00 0.00 -0.00 0.33 0.92 0.60
-0.30 12.20 -1.80 0.17 0.00 0.00 0.63 0.32 0.02
-0.30 10.48 -2.34 0.17 0.00 0.00 0.24 0.53 1.00
-0.30 10.51 -2.43 0.17 0.00 0.00 0.17 0.98 0.77
0.30 13.89 -2.43 0.00 0.05 -0.02 0.90 0.70 0.28
0.30 13.85 -2.52 0.00 0.05 -0.02 0.52 0.72 0.20
-0.30 13.85 -2.52 0.00 0.05 -0.02 0.61 0.53 0.80
0.30 13.89 -2.43 0.00 0.05 -0.02 0.70 0.28 0.49
-0.30 13.85 -2.52 0.00 0.05 -0.02 0.14 0.09 0.06
-0.30 13.89 -2.43 0.00 0.05 -0.02 0.57 0.90 0.68
0.30 10.51 -2.43 0.00 0.05 0.02 0.49 0.50 0.44
0.30 10.55 -2.52 0.00 0.05 0.02 0.81 0.53 0.77
-0.30 10.55 -2.52 0.00 0.05 0.02 0.34 0.53 0.40
0.30 10.51 -2.43 0.00 0.05 0.02 0.33 0.30 0.65
-0.30 10.55 -2.52 0.00 0.05 0.02 0.03 0.58 0.82
-0.30 10.51 -2.43 0.00 0.05 0.02 0.74 0.78 0.72
0.30 12.20 -1.80 -0.00 0.00 0.00 0.27 0.58 0.25
0.30 12.20 -1.80 -0.00 0.00 0.00 0.55 0.07 0.86
0.30 13.89 -2.43 -0.00 0.00 0.00 0.64 0.12 0.56
0.30 12.20 -1.80 -0.17 0.00 0.00 0.55 0.81 0.70
0.30 13.89 -2.43 -0.17 0.00 0.00 0.05 0.25 0.28
0.30 13.85 -2.52 -0.17 0.00 0.00 0.58 0.02 0.76
0.30 12.20 -1.80 0.00 0.00 -0.00 0.10 0.43 0.57
0.30 12.20 -1.80 0.00 0.00 -0.00 0.40 0.08 0.92
0.30 10.51 -2.43 0.00 0.00 -0.00 0.98 0.90 0.24
0.30 12.20 -1.80 0.17 0.00 0.00 0.75 0.62 0.27
0.30 10.51 -2.43 0.17 0.00 0.00 0.33 0.87 0.01
0.30 10.55 -2.52 0.17 0.00 0.00 0.40 0.73 0.28
-0.30 12.20 -1.80 -0.00 0.00 0.00 0.53 0.29 0.83
-0.30 12.20 -1.80 -0.00 0.00 0.00 0.33 1.00 0.48
-0.30 13.89 -2.43 -0.00 0.00 0.00 0.59 0.27 0.02
-0.30 12.20 -1.80 -0.17 0.00 0.00 0.61 0.04 0.07
-0.30 13.89 -2.43 -0.17 0.00 0.00 0.04 0.61 0.65
-0.30 13.85 -2.52 -0.17 0.00 0.00 0.11 0.53 0.76
-0.30 12.20 -1.80 0.00 0.00 -0.00 0.01 0.77 0.16
-0.30 12.20 -1.80 0.00 0.00 -0.00 0.63 0.04 0.13
-0.30 10.51 -2.43 0.00 0.00 -0.00 0.50 0.06 0.89
-0.30 12.20 -1.80 0.17 0.00 0.00 0.23 0.34 0.22
-0.30 10.51 -2.43 0.17 0.00 0.00 0.53 0.18 0.62
-0.30 10.55 -2.52 0.17 0.00 0.00 0.53 0.65 0.15
0.30 13.85 -2.52 0.00 0.05 -0.03 0.80 0.67 0.48
0.30 13.81 -2.61 0.00 0.05 -0.03 0.84 0.75 0.07
-0.30 13.81 -2.61 0.00 0.05 -0.03 0.45 0.40 0.68
0.30 13.85 -2.52 0.00 0.05 -0.03 0.98 0.16 0.72
-0.30 13.81 -2.61 0.00 0.05 -0.03 0.75 0.31 0.83
-0.30 13.85 -2.52 0.00 0.05 -0.03 0.80 0.44 0.84
0.30 10.55 -2.52 0.00 0.05 0.03 0.85 0.33 0.47
0.30 10.59 -2.61 0.00 0.05 0.03 0.20 0.55 0.97
-0.30 10.59 -2.61 0.00 0.05 0.03 0.37 0.17 0.20
0.30 10.55 -2.52 0.00 0.05 0.03 0.02 0.32 0.73
-0.30 10.59 -2.61 0.00 0.05 0.03 0.70 0.80 0.26
-0.30 10.55 -2.52 0.00 0.05 0.03 0.45 0.87 0.06
0.30 12.20 -1.80 -0.00 0.00 0.00 0.85 0.55 0.89
0.30 12.20 -1.80 -0.00 0.00 0.00 0.00 0.27 0.34
0.30 13.85 -2.52 -0.00 0.00 0.00 0.31 0.10 0.32
0.30 12.20 -1.80 -0.18 0.00 0.00 0.76 0.94 0.08
0.30 13.85 -2.52 -0.18 0.00 0.00 0.09 0.41 0.87
0.30 13.81 -2.61 -0.18 0.00 0.00 0.64 0.38 0.73
0.30 12.20 -1.80 0.00 0.00 -0.00 0.81 0.58 0.92
0.30 12.20 -1.80 0.00 0.00 -0.00 0.13 0.32 0.30
0.30 10.55 -2.52 0.00 0.00 -0.00 0.94 0.57 0.32
0.30 12.20 -1.80 0.18 0.00 0.00 0.81 0.63 0.02
0.30 10.55 -2.52 0.18 0.00 0.00 0.36 0.52 0.47
0.30 10.59 -2.61 0.18 0.00 0.00 0.63 0.86 0.31
-0.30 12.20 -1.80 -0.00 0.00 0.00 0.73 0.19 0.31
-0.30 12.20 -1.80 -0.00 0.00 0.00 0.67 0.26 0.63
-0.30 13.85 -2.52 -0.00 0.00 0.00 0.08 0.14 0.39
-0.30 12.20 -1.80 -0.18 0.00 0.00 0.46 0.87 0.47
-0.30 13.85 -2.52 -0.18 0.00 0.00 0.04 0.79 0.11
-0.30 13.81 -2.61 -0.18 0.00 0.00 0.36 0.09 0.93
-0.30 12.20 -1.80 0.00 0.00 -0.00 0.93 0.41 0.06
-0.30 12.20 -1.80 0.00 0.00 -0.00 0.56 0.43 1.00
-0.30 10.55 -2.52 0.00 0.00 -0.00 0.08 0.89 0.81
-0.30 12.20 -1.80 0.18 0.00 0.00 0.94 0.20 0.17
-0.30 10.55 -2.52 0.18 0.00 0.00 0.13 0.52 0.81
-0.30 10.59 -2.61 0.18 0.00 0.00 0.39 0.14 0.54
0.30 13.81 -2.61 0.00 0.05 -0.03 0.53 0.53 0.21
0.30 13.76 -2.70 0.00 0.05 -0.03 0.39 0.00 0.29
-0.30 13.76 -2.70 0.00 0.05 -0.03 0.18 0.12 0.75
0.30 13.81 -2.61 0.00 0.05 -0.03 0.27 0.04 0.79
-0.30 13.76 -2.70 0.00 0.05 -0.03 0.68 0.10 0.15
-0.30 13.81 -2.61 0.00 0.05 -0.03 0.10 0.10 0.09
0.30 10.59 -2.61 0.00 0.05 0.03 0.99 0.91 0.65
0.30 10.64 -2.70 0.00 0.05 0.03 0.20 0.08 0.73
-0.30 10.64 -2.70 0.00 0.05 0.03 0.71 0.89 0.67
0.30 10.59 -2.61 0.00 0.05 0.03 0.86 0.43 0.80
-0.30 10.64 -2.70 0.00 0.05 0.03 0.39 0.64 0.18
-0.30 10.59 -2.61 0.00 0.05 0.03 0.39 0.93 0.71
0.30 12.20 -1.80 -0.00 0.00 0.00 0.51 0.68 0.10
0.30 12.20 -1.80 -0.00 0.00 0.00 0.55 0.47 0.28
0.30 13.81 -2.61 -0.00 0.00 0.00 0.65 0.62 0.55
0.30 12.20 -1.80 -0.18 0.00 0.00 0.75 0.71 0.22
0.30 13.81 -2.61 -0.18 0.00 0.00 0.66 0.35 0.33
0.30 13.76 -2.70 -0.18 0.00 0.00 0.74 0.08 0.32
0.30 12.20 -1.80 0.00 0.00 -0.00 0.63 0.74 0.52
0.30 12.20 -1.80 0.00 0.00 -0.00 0.06 0.54 0.23
0.30 10.59 -2.61 0.00 0.00 -0.00 0.69 0.72 0.09
0.30 12.20 -1.80 0.18 0.00 0.00 0.62 0.43 0.48
0.30 10.59 -2.61 0.18 0.00 0.00 0.30 0.53 0.87
0.30 10.64 -2.70 0.18 0.00 0.00 0.76 0.81 0.37
-0.30 12.20 -1.80 -0.00 0.00 0.00 0.38 0.36 0.92
-0.30 12.20 -1.80 -0.00 0.00 0.00 0.09 0.59 0.58
-0.30 13.81 -2.61 -0.00 0.00 0.00 0.44 0.92 0.33
-0.30 12.20 -1.80 -0.18 0.00 0.00 0.52 0.24 0.99
-0.30 13.81 -2.61 -0.18 0.00 0.00 0.26 0.75 0.74
-0.30 13.76 -2.70 -0.18 0.00 0.00 0.80 0.99 0.37
-0.30 12.20 -1.80 0.00 0.00 -0.00 0.52 0.08 0.42
-0.30 12.20 -1.80 0.00 0.00 -0.00 0.96 0.55 0.12
-0.30 10.59 -2.61 0.00 0.00 -0.00 0.49 0.42 0.74
-0.30 12.20 -1.80 0.18 0.00 0.00 0.31 0.79 0.03
-0.30 10.59 -2.61 0.18 0.00 0.00 0.67 0.72 0.80
-0.30 10.64 -2.70 0.18 0.00 0.00 0.26 0.29 0.18
0.30 13.76 -2.70 0.00 0.05 -0.03 0.17 0.62 0.27
0.30 13.70 -2.79 0.00 0.05 -0.03 0.41 0.62 0.71
-0.30 13.70 -2.79 0.00 0.05 -0.03 0.16 0.35 0.23
0.30 13.76 -2.70 0.00 0.05 -0.03 0.15 0.72 0.49
-0.30 13.70 -2.79 0.00 0.05 -0.03 0.23 0.14 0.30
-0.30 13.76 -2.70 0.00 0.05 -0.03 0.78 0.26 0.82
0.30 10.64 -2.70 0.00 0.05 0.03 0.20 0.99 0.78
0.30 10.70 -2.79 0.00 0.05 0.03 0.99 0.02 0.27
-0.30 10.70 -2.79 0.00 0.05 0.03 0.70 0.82 0.58
0.30 10.64 -2.70 0.00 0.05 0.03 1.00 1.00 0.24
-0.30 10.70 -2.79 0.00 0.05 0.03 0.62 0.27 0.50
-0.30 10.64 -2.70 0.00 0.05 0.03 0.24 0.98 0.67
0.30 12.20 -1.80 -0.00 0.00 0.00 0.59 0.22 0.08
0.30 12.20 -1.80 -0.00 0.00 0.00 0.31 0.71 0.25
0.30 13.76 -2.70 -0.00 0.00 0.00 0.45 0.01 0.40
0.30 12.20 -1.80 -0.19 0.00 0.00 0.70 0.83 0.62
0.30 13.76 -2.70 -0.19 0.00 0.00 0.70 0.61 0.40
0.30 13.70 -2.79 -0.19 0.00 0.00 0.72 0.88 0.60
0.30 12.20 -1.80 0.00 0.00 -0.00 0.54 0.45 0.58
0.30 12.20 -1.80 0.00 0.00 -0.00 0.54 0.70 0.29
0.30 10.64 -2.70 0.00 0.00 -0.00 0.81 0.20 0.28
0.30 12.20 -1.80 0.19 0.00 0.00 0.79 0.87 0.90
0.30 10.64 -2.70 0.19 0.00 0.00 0.01 0.95 0.14
0.30 10.70 -2.79 0.19 0.00 0.00 0.72 0.20 0.72
-0.30 12.20 -1.80 -0.00 0.00 0.00 0.73 0.60 0.03
-0.30 12.20 -1.80 -0.00 0.00 0.00 0.56 0.22 0.48
-0.30 13.76 -2.70 -0.00 0.00 0.00 0.17 0.62 0.18
-0.30 12.20 -1.80 -0.19 0.00 0.00 0.05 0.21 0.87
-0.30 13.76 -2.70 -0.19 0.00 0.00 0.50 0.80 0.59
-0.30 13.70 -2.79 -0.19 0.00 0.00 0.20 0.09 0.13
-0.30 12.20 -1.80 0.00 0.00 -0.00 0.40 0.37 0.67
-0.30 12.20 -1.80 0.00 0.00 -0.00 0.27 0.27 0.48
-0.30 10.64 -2.70 0.00 0.00 -0.00 0.22 0.41 0.28
-0.30 12.20 -1.80 0.19 0.00 0.00 0.42 0.13 0.29
-0.30 10.64 -2.70 0.19 0.00 0.00 0.02 0.16 0.01
-0.30 10.70 -2.79 0.19 0.00 0.00 0.24 0.64 0.74
0.30 13.70 -2.79 0.00 0.05 -0.04 0.85 0.81 0.31
0.30 13.64 -2.88 0.00 0.05 -0.04 0.07 0.69 0.48
-0.30 13.64 -2.88 0.00 0.05 -0.04 0.87 0.28 0.53
0.30 13.70 -2.79 0.00 0.05 -0.04 0.95 0.42 0.03
-0.30 13.64 -2.88 0.00 0.05 -0.04 0.32 0.09 0.23
-0.30 13.70 -2.79 0.00 0.05 -0.04 0.59 0.57 0.62
0.30 10.70 -2.79 0.00 0.05 0.04 1.00 0.85 0.89
0.30 10.76 -2.88 0.00 0.05 0.04 0.13 0.14 0.12
-0.30 10.76 -2.88 0.00 0.05 0.04 0.29 0.15 0.54
0.30 10.70 -2.79 0.00 0.05 0.04 0.92 0.90 0.56
-0.30 10.76 -2.88 0.00 0.05 0.04 0.74 0.20 0.80
-0.30 10.70 -2.79 0.00 0.05 0.04 0.43 0.68 0.65
0.30 12.20 -1.80 -0.00 0.00 0.00 0.71 0.20 0.72
0.30 12.20 -1.80 -0.00 0.00 0.00 0.13 0.23 0.59
0.30 13.70 -2.79 -0.00 0.00 0.00 0.22 0.46 0.54
0.30 12.20 -1.80 -0.20 0.00 0.00 0.79 0.08 0.86
0.30 13.70 -2.79 -0.20 0.00 0.00 0.64 0.98 0.46
0.30 13.64 -2.88 -0.20 0.00 0.00 0.78 0.09 0.46
0.30 12.20 -1.80 0.00 0.00 -0.00 0.93 0.64 0.59
0.30 12.20 -1.80 0.00 0.00 -0.00 0.83 0.19 0.87
0.30 10.70 -2.79 0.00 0.00 -0.00 0.03 0.99 0.80
0.30 12.20 -1.80 0.20 0.00 0.00 0.71 0.64 0.54
0.30 10.70 -2.79 0.20 0.00 0.00 0.91 0.36 0.97
0.30 10.76 -2.88 0.20 0.00 0.00 0.15 0.95 0.68
-0.30 12.20 -1.80 -0.00 0.00 0.00 0.60 0.49 0.81
-0.30 12.20 -1.80 -0.00 0.00 0.00 0.69 0.36 0.03
-0.30 13.70 -2.79 -0.00 0.00 0.00 0.67 0.81 0.82
-0.30 12.20 -1.80 -0.20 0.00 0.00 0.76 0.27 0.46
-0.30 13.70 -2.79 -0.20 0.00 0.00 0.40 0.86 0.23
-0.30 13.64 -2.88 -0.20 0.00 0.00 0.59 0.73 0.16
-0.30 12.20 -1.80 0.00 0.00 -0.00 0.58 0.53 0.99
-0.30 12.20 -1.80 0.00 0.00 -0.00 0.22 0.07 0.02
-0.30 10.70 -2.79 0.00 0.00 -0.00 0.58 0.04 0.73
-0.30 12.20 -1.80 0.20 0.00 0.00 0.53 0.72 0.64
-0.30 10.70 -2.79 0.20 0.00 0.00 0.02 0.52 0.79
-0.30 10.76 -2.88 0.20 0.00 0.00 0.38 0.55 0.39
0.30 13.64 -2.88 0.00 0.05 -0.04 0.19 0.37 0.08
0.30 13.57 -2.97 0.00 0.05 -0.04 0.46 0.82 0.75
-0.30 13.57 -2.97 0.00 0.05 -0.04 0.32 0.05 0.51
0.30 13.64 -2.88 0.00 0.05 -0.04 0.05 0.22 0.90
-0.30 13.57 -2.97 0.00 0.05 -0.04 0.58 0.21 0.49
-0.30 13.64 -2.88 0.00 0.05 -0.04 0.65 0.23 0.07
0.30 10.76 -2.88 0.00 0.05 0.04 0.69 0.96 0.29
0.30 10.83 -2.97 0.00 0.05 0.04 0.40 0.60 0.88
-0.30 10.83 -2.97 0.00 0.05 0.04 0.93 0.39 0.41
0.30 10.76 -2.88 0.00 0.05 0.04 0.48 0.78 0.43
-0.30 10.83 -2.97 0.00 0.05 0.04 0.84 0.86 0.81
-0.30 10.76 -2.88 0.00 0.05 0.04 0.66 0.60 1.00
0.30 12.20 -1.80 -0.00 0.00 0.00 0.72 0.11 0.46
0.30 12.20 -1.80 -0.00 0.00 0.00 0.94 0.01 0.78
0.30 13.64 -2.88 -0.00 0.00 0.00 0.15 0.50 0.83
0.30 12.20 -1.80 -0.21 0.00 0.00 0.37 0.57 0.41
0.30 13.64 -2.88 -0.21 0.00 0.00 0.33 0.86 0.06
0.30 13.57 -2.97 -0.21 0.00 0.00 0.93 0.74 0.75
0.30 12.20 -1.80 0.00 0.00 -0.00 0.31 0.14 0.15
0.30 12.20 -1.80 0.00 0.00 -0.00 0.09 0.57 0.08
0.30 10.76 -2.88 0.00 0.00 -0.00 0.95 0.38 0.56
0.30 12.20 -1.80 0.21 0.00 0.00 0.55 0.38 0.40
0.30 10.76 -2.88 0.21 0.00 0.00 0.66 0.84 0.07
0.30 10.83 -2.97 0.21 0.00 0.00 0.66 0.62 0.78
-0.30 12.20 -1.80 -0.00 0.00 0.00 0.16 0.45 0.72
-0.30 12.20 -1.80 -0.00 0.00 0.00 0.73 0.86 0.87
-0.30 13.64 -2.88 -0.00 0.00 0.00 0.59 0.92 0.24
-0.30 12.20 -1.80 -0.21 0.00 0.00 0.33 0.67 0.57
-0.30 13.64 -2.88 -0.21 0.00 0.00 0.48 0.82 0.50
-0.30 13.57 -2.97 -0.21 0.00 0.00 0.05 0.90 0.81
-0.30 12.20 -1.80 0.00 0.00 -0.00 0.43 0.46 0.90
-0.30 12.20 -1.80 0.00 0.00 -0.00 0.81 0.86 0.85
-0.30 10.76 -2.88 0.00 0.00 -0.00 0.65 0.93 0.40
-0.30 12.20 -1.80 0.21 0.00 0.00 0.27 0.71 0.05
-0.30 10.76 -2.88 0.21 0.00 0.00 0.72 0.44 0.72
-0.30 10.83 -2.97 0.21 0.00 0.00 0.58 0.30 0.88
0.30 13.57 -2.97 0.00 0.05 -0.05 0.50 0.54 0.61
0.30 13.49 -3.06 0.00 0.05 -0.05 0.17 0.12 0.20
-0.30 13.49 -3.06 0.00 0.05 -0.05 0.99 0.62 0.53
0.30 13.57 -2.97 0.00 0.05 -0.05 0.89 0.43 0.01
-0.30 13.49 -3.06 0.00 0.05 -0.05 0.35 0.33 0.06
-0.30 13.57 -2.97 0.00 0.05 -0.05 0.22 0.18 0.49
0.30 10.83 -2.97 0.00 0.05 0.05 0.15 0.58 0.30
0.30 10.91 -3.06 0.00 0.05 0.05 0.86 0.64 0.95
-0.30 10.91 -3.06 0.00 0.05 0.05 0.30 0.35 0.21
0.30 10.83 -2.97 0.00 0.05 0.05 0.60 0.23 0.93
-0.30 10.91 -3.06 0.00 0.05 0.05 0.14 0.84 0.51
-0.30 10.83 -2.97 0.00 0.05 0.05 0.26 0.05 0.00
0.30 12.20 -1.80 -0.00 0.00 0.00 0.87 0.58 0.17
0.30 12.20 -1.80 -0.00 0.00 0.00 0.30 0.59 0.16
0.30 13.57 -2.97 -0.00 0.00 0.00 0.64 0.65 0.05
0.30 12.20 -1.80 -0.22 0.00 0.00 0.82 0.14 0.40
0.30 13.57 -2.97 -0.22 0.00 0.00 0.40 0.44 0.62
0.30 13.49 -3.06 -0.22 0.00 0.00 0.04 0.39 0.77
0.30 12.20 -1.80 0.00 0.00 -0.00 0.39 0.60 0.63
0.30 12.20 -1.80 0.00 0.00 -0.00 0.63 0.53 0.92
0.30 10.83 -2.97 0.00 0.00 -0.00 0.47 0.04 0.52
0.30 12.20 -1.80 0.22 0.00 0.00 0.52 0.04 0.66
0.30 10.83 -2.97 0.22 0.00 0.00 0.10 0.21 0.92
0.30 10.91 -3.06 0.22 0.00 0.00 0.70 0.37 0.80
-0.30 12.20 -1.80 -0.00 0.00 0.00 0.35 0.42 0.10
-0.30 12.20 -1.80 -0.00 0.00 0.00 0.49 0.82 0.74
-0.30 13.57 -2.97 -0.00 0.00 0.00 0.93 0.44 0.56
-0.30 12.20 -1.80 -0.22 0.00 0.00 0.32 0.21 0.96
-0.30 13.57 -2.97 -0.22 0.00 0.00 0.92 0.84 0.00
-0.30 13.49 -3.06 -0.22 0.00 0.00 0.45 0.76 0.40
-0.30 12.20 -1.80 0.00 0.00 -0.00 0.49 0.28 0.02
-0.30 12.20 -1.80 0.00 0.00 -0.00 0.53 0.95 0.49
-0.30 10.83 -2.97 0.00 0.00 -0.00 0.74 0.87 0.02
-0.30 12.20 -1.80 0.22 0.00 0.00 0.11 0.67 0.12
-0.30 10.83 -2.97 0.22 0.00 0.00 0.53 0.77 0.82
-0.30 10.91 -3.06 0.22 0.00 0.00 0.35 0.51 0.17
0.30 13.49 -3.06 0.00 0.05 -0.06 0.79 0.07 0.67
0.30 13.39 -3.15 0.00 0.05 -0.06 1.00 0.03 0.60
-0.30 13.39 -3.15 0.00 0.05 -0.06 0.84 0.03 0.92
0.30 13.49 -3.06 0.00 0.05 -0.06 0.60 0.43 0.84
-0.30 13.39 -3.15 0.00 0.05 -0.06 0.88 0.45 0.29
-0.30 13.49 -3.06 0.00 0.05 -0.06 0.83 0.95 0.78
0.30 10.91 -3.06 0.00 0.05 0.06 0.70 0.96 0.32
0.30 11.01 -3.15 0.00 0.05 0.06 0.37 0.08 0.06
-0.30 11.01 -3.15 0.00 0.05 0.06 0.14 0.90 0.17
0.30 10.91 -3.06 0.00 0.05 0.06 0.64 0.08 0.69
-0.30 11.01 -3.15 0.00 0.05 0.06 0.71 0.74 0.04
-0.30 10.91 -3.06 0.00 0.05 0.06 0.74 0.34 0.83
0.30 12.20 -1.80 -0.00 0.00 0.00 0.78 0.26 0.83
0.30 12.20 -1.80 -0.00 0.00 0.00 0.21 0.10 0.66
0.30 13.49 -3.06 -0.00 0.00 0.00 0.66 0.39 0.26
0.30 12.20 -1.80 -0.24 0.00 0.00 0.61 0.17 0.14
0.30 13.49 -3.06 -0.24 0.00 0.00 0.57 0.49 0.97
0.30 13.39 -3.15 -0.24 0.00 0.00 0.65 0.55 0.67
0.30 12.20 -1.80 0.00 0.00 -0.00 0.56 0.72 0.03
0.30 12.20 -1.80 0.00 0.00 -0.00 0.63 0.41 0.17
0.30 10.91 -3.06 0.00 0.00 -0.00 0.38 0.45 0.81
0.30 12.20 -1.80 0.24 0.00 0.00 0.72 0.28 0.52
0.30 10.91 -3.06 0.24 0.00 0.00 0.97 0.11 0.27
0.30 11.01 -3.15 0.24 0.00 0.00 0.07 0.77 0.05
-0.30 12.20 -1.80 -0.00 0.00 0.00 0.46 0.03 0.26
-0.30 12.20 -1.80 -0.00 0.00 0.00 0.64 0.17 0.92
-0.30 13.49 -3.06 -0.00 0.00 0.00 0.13 0.14 0.52
-0.30 12.20 -1.80 -0.24 0.00 0.00 0.68 0.80 0.09
-0.30 13.49 -3.06 -0.24 0.00 0.00 0.40 0.83 0.75
-0.30 13.39 -3.15 -0.24 0.00 0.00 0.81 0.00 0.31
-0.30 12.20 -1.80 0.00 0.00 -0.00 0.26 0.81 0.94
-0.30 12.20 -1.80 0.00 0.00 -0.00 0.54 0.34 0.32
-0.30 10.91 -3.06 0.00 0.00 -0.00 0.65 0.61 0.03
-0.30 12.20 -1.80 0.24 0.00 0.00 0.42 0.66 0.01
-0.30 10.91 -3.06 0.24 0.00 0.00 0.45 0.91 0.08
-0.30 11.01 -3.15 0.24 0.00 0.00 0.63 0.83 0.55
0.30 13.39 -3.15 0.00 0.05 -0.07 0.76 0.35 0.18
0.30 13.28 -3.24 0.00 0.05 -0.07 0.57 0.45 0.31
-0.30 13.28 -3.24 0.00 0.05 -0.07 0.40 0.19 0.99
0.30 13.39 -3.15 0.00 0.05 -0.07 0.40 0.50 0.39
-0.30 13.28 -3.24 0.00 0.05 -0.07 0.22 0.44 0.20
-0.30 13.39 -3.15 0.00 0.05 -0.07 0.55 0.76 0.46
0.30 11.01 -3.15 0.00 0.05 0.07 0.16 0.79 0.01
0.30 11.12 -3.24 0.00 0.05 0.07 0.82 0.80 0.66
-0.30 11.12 -3.24 0.00 0.05 0.07 0.73 0.88 0.09
0.30 11.01 -3.15 0.00 0.05 0.07 0.55 0.43 0.54
-0.30 11.12 -3.24 0.00 0.05 0.07 0.91 0.61 0.17
-0.30 11.01 -3.15 0.00 0.05 0.07 0.35 0.92 0.93
0.30 12.20 -1.80 -0.00 0.00 0.00 0.55 0.92 0.50
0.30 12.20 -1.80 -0.00 0.00 0.00 0.05 0.31 0.90
0.30 13.39 -3.15 -0.00 0.00 0.00 0.49 0.51 0.30
0.30 12.20 -1.80 -0.26 0.00 0.00 0.25 0.98 0.52
0.30 13.39 -3.15 -0.26 0.00 0.00 0.04 0.98 0.07
0.30 13.28 -3.24 -0.26 0.00 0.00 0.84 0.65 0.23
0.30 12.20 -1.80 0.00 0.00 -0.00 0.72 0.73 0.05
0.30 12.20 -1.80 0.00 0.00 -0.00 0.15 0.27 0.78
0.30 11.01 -3.15 0.00 0.00 -0.00 0.76 0.44 0.33
0.30 12.20 -1.80 0.26 0.00 0.00 0.69 0.37 0.24
0.30 11.01 -3.15 0.26 0.00 0.00 0.60 0.86 0.59
0.30 11.12 -3.24 0.26 0.00 0.00 0.91 0.76 0.13
-0.30 12.20 -1.80 -0.00 0.00 0.00 0.42 0.06 0.18
-0.30 12.20 -1.80 -0.00 0.00 0.00 0.40 0.58 0.67
-0.30 13.39 -3.15 -0.00 0.00 0.00 0.38 0.65 0.92
-0.30 12.20 -1.80 -0.26 0.00 0.00 0.03 0.89 0.96
-0.30 13.39 -3.15 -0.26 0.00 0.00 0.76 0.93 0.80
-0.30 13.28 -3.24 -0.26 0.00 0.00 0.03 0.71 0.53
-0.30 12.20 -1.80 0.00 0.00 -0.00 0.47 0.04 0.68
-0.30 12.20 -1.80 0.00 0.00 -0.00 0.84 0.28 0.44
-0.30 11.01 -3.15 0.00 0.00 -0.00 0.70 0.87 0.13
-0.30 12.20 -1.80 0.26 0.00 0.00 0.46 1.00 0.73
-0.30 11.01 -3.15 0.26 0.00 0.00 0.52 0.18 0.64
-0.30 11.12 -3.24 0.26 0.00 0.00 0.10 0.85 0.07
0.30 13.28 -3.24 0.00 0.05 -0.08 0.75 0.77 0.47
0.30 13.15 -3.33 0.00 0.05 -0.08 0.64 0.73 0.85
-0.30 13.15 -3.33 0.00 0.05 -0.08 0.57 0.53 0.88
0.30 13.28 -3.24 0.00 0.05 -0.08 0.28 0.06 0.65
-0.30 13.15 -3.33 0.00 0.05 -0.08 0.33 0.74 0.68
-0.30 13.28 -3.24 0.00 0.05 -0.08 0.60 0.18 0.15
0.30 11.12 -3.24 0.00 0.05 0.08 0.47 0.31 0.99
0.30 11.25 -3.33 0.00 0.05 0.08 0.47 0.04 0.69
-0.30 11.25 -3.33 0.00 0.05 0.08 0.65 0.68 0.14
0.30 11.12 -3.24 0.00 0.05 0.08 0.50 0.75 0.66
-0.30 11.25 -3.33 0.00 0.05 0.08 0.26 0.22 0.76
-0.30 11.12 -3.24 0.00 0.05 0.08 0.99 0.07 0.51
0.30 12.20 -1.80 -0.00 0.00 0.00 0.53 0.95 0.15
0.30 12.20 -1.80 -0.00 0.00 0.00 0.59 0.60 0.72
0.30 13.28 -3.24 -0.00 0.00 0.00 0.33 0.28 0.01
0.30 12.20 -1.80 -0.29 0.00 0.00 0.51 0.43 0.33
0.30 13.28 -3.24 -0.29 0.00 0.00 0.82 0.42 0.94
0.30 13.15 -3.33 -0.29 0.00 0.00 0.85 0.10 0.41
0.30 12.20 -1.80 0.00 0.00 -0.00 0.53 0.25 0.87
0.30 12.20 -1.80 0.00 0.00 -0.00 0.28 0.91 0.52
0.30 11.12 -3.24 0.00 0.00 -0.00 0.50 0.67 0.02
0.30 12.20 -1.80 0.29 0.00 0.00 0.57 0.19 0.28
0.30 11.12 -3.24 0.29 0.00 0.00 0.52 0.34 0.27
0.30 11.25 -3.33 0.29 0.00 0.00 0.12 0.06 0.80
-0.30 12.20 -1.80 -0.00 0.00 0.00 0.39 0.07 0.39
-0.30 12.20 -1.80 -0.00 0.00 0.00 0.82 0.40 0.72
-0.30 13.28 -3.24 -0.00 0.00 0.00 0.24 0.34 0.23
-0.30 12.20 -1.80 -0.29 0.00 0.00 0.34 0.74 0.05
-0.30 13.28 -3.24 -0.29 0.00 0.00 0.59 0.62 0.90
-0.30 13.15 -3.33 -0.29 0.00 0.00 0.50 0.14 0.43
-0.30 12.20 -1.80 0.00 0.00 -0.00 0.17 0.15 0.72
-0.30 12.20 -1.80 0.00 0.00 -0.00 0.35 0.43 0.21
-0.30 11.12 -3.24 0.00 0.00 -0.00 0.69 0.70 0.78
-0.30 12.20 -1.80 0.29 0.00 0.00 0.75 0.50 0.30
-0.30 11.12 -3.24 0.29 0.00 0.00 0.82 0.89 0.41
-0.30 11.25 -3.33 0.29 0.00 0.00 0.22 0.60 0.81
0.30 13.15 -3.33 0.00 0.05 -0.10 0.56 0.83 0.63
0.30 12.98 -3.42 0.00 0.05 -0.10 0.30 0.87 0.87
-0.30 12.98 -3.42 0.00 0.05 -0.10 0.92 0.77 0.21
0.30 13.15 -3.33 0.00 0.05 -0.10 0.05 0.21 0.80
-0.30 12.98 -3.42 0.00 0.05 -0.10 0.20 0.92 0.29
-0.30 13.15 -3.33 0.00 0.05 -0.10 0.63 0.14 0.46
0.30 11.25 -3.33 0.00 0.05 0.10 0.34 0.92 0.81
0.30 11.42 -3.42 0.00 0.05 0.10 0.84 0.21 0.50
-0.30 11.42 -3.42 0.00 0.05 0.10 0.72 0.62 0.25
0.30 11.25 -3.33 0.00 0.05 0.10 0.32 0.43 0.07
-0.30 11.42 -3.42 0.00 0.05 0.10 0.15 0.06 0.29
-0.30 11.25 -3.33 0.00 0.05 0.10 0.03 0.93 0.85
0.30 12.20 -1.80 -0.00 0.00 0.00 0.80 0.13 0.15
0.30 12.20 -1.80 -0.00 0.00 0.00 0.01 0.93 0.06
0.30 13.15 -3.33 -0.00 0.00 0.00 0.94 0.22 0.11
0.30 12.20 -1.80 -0.34 0.00 0.00 0.07 0.68 0.32
0.30 13.15 -3.33 -0.34 0.00 0.00 0.99 0.49 0.95
0.30 12.98 -3.42 -0.34 0.00 0.00 0.20 0.98 0.29
0.30 12.20 -1.80 0.00 0.00 -0.00 0.82 0.23 0.13
0.30 12.20 -1.80 0.00 0.00 -0.00 0.25 0.30 0.85
0.30 11.25 -3.33 0.00 0.00 -0.00 0.31 0.59 0.17
0.30 12.20 -1.80 0.34 0.00 0.00 0.24 0.44 0.33
0.30 11.25 -3.33 0.34 0.00 0.00 0.37 0.59 0.35
0.30 11.42 -3.42 0.34 0.00 0.00 0.30 0.65 0.16
-0.30 12.20 -1.80 -0.00 0.00 0.00 0.52 0.76 0.17
-0.30 12.20 -1.80 -0.00 0.00 0.00 0.20 0.08 0.10
-0.30 13.15 -3.33 -0.00 0.00 0.00 0.68 0.03 0.18
-0.30 12.20 -1.80 -0.34 0.00 0.00 0.67 0.32 0.17
-0.30 13.15 -3.33 -0.34 0.00 0.00 0.90 0.45 0.37
-0.30 12.98 -3.42 -0.34 0.00 0.00 0.20 0.30 0.19
-0.30 12.20 -1.80 0.00 0.00 -0.00 0.79 0.47 0.44
-0.30 12.20 -1.80 0.00 0.00 -0.00 0.23 0.80 0.76
-0.30 11.25 -3.33 0.00 0.00 -0.00 0.82 0.15 0.99
-0.30 12.20 -1.80 0.34 0.00 0.00 0.47 0.31 0.36
-0.30 11.25 -3.33 0.34 0.00 0.00 0.23 0.48 0.66
-0.30 11.42 -3.42 0.34 0.00 0.00 0.32 0.58 0.18
0.30 12.98 -3.42 0.00 0.05 -0.13 0.35 0.76 0.38
0.30 12.76 -3.51 0.00 0.05 -0.13 0.67 0.93 0.06
-0.30 12.76 -3.51 0.00 0.05 -0.13 0.12 0.29 0.72
0.30 12.98 -3.42 0.00 0.05 -0.13 0.42 0.49 0.62
-0.30 12.76 -3.51 0.00 0.05 -0.13 0.89 0.93 0.82
-0.30 12.98 -3.42 0.00 0.05 -0.13 0.68 0.68 0.61
0.30 11.42 -3.42 0.00 0.05 0.13 0.83 0.68 0.85
0.30 11.64 -3.51 0.00 0.05 0.13 0.14 0.04 0.67
-0.30 11.64 -3.51 0.00 0.05 0.13 0.62 0.70 0.14
0.30 11.42 -3.42 0.00 0.05 0.13 0.20 0.88 0.37
-0.30 11.64 -3.51 0.00 0.05 0.13 0.96 0.25 0.69
-0.30 11.42 -3.42 0.00 0.05 0.13 0.88 0.31 0.04
0.30 12.20 -1.80 -0.00 0.00 0.00 0.18 0.03 0.71
0.30 12.20 -1.80 -0.00 0.00 0.00 0.66 0.65 0.83
0.30 12.98 -3.42 -0.00 0.00 0.00 0.59 0.47 0.25
0.30 12.20 -1.80 -0.43 0.00 0.00 0.28 0.09 0.14
0.30 12.98 -3.42 -0.43 0.00 0.00 0.95 0.93 0.82
0.30 12.76 -3.51 -0.43 0.00 0.00 0.99 0.60 0.65
0.30 12.20 -1.80 0.00 0.00 -0.00 0.68 0.74 0.79
0.30 12.20 -1.80 0.00 0.00 -0.00 0.56 0.12 0.41
0.30 11.42 -3.42 0.00 0.00 -0.00 0.81 0.81 0.60
0.30 12.20 -1.80 0.43 0.00 0.00 0.12 0.85 0.56
0.30 11.42 -3.42 0.43 0.00 0.00 0.15 0.56 0.44
0.30 11.64 -3.51 0.43 0.00 0.00 0.80 0.39 0.62
-0.30 12.20 -1.80 -0.00 0.00 0.00 0.27 0.64 0.28
-0.30 12.20 -1.80 -0.00 0.00 0.00 0.35 0.77 0.87
-0.30 12.98 -3.42 -0.00 0.00 0.00 0.29 0.59 0.15
-0.30 12.20 -1.80 -0.43 0.00 0.00 0.89 0.24 0.10
-0.30 12.98 -3.42 -0.43 0.00 0.00 0.63 0.03 0.09
-0.30 12.76 -3.51 -0.43 0.00 0.00 0.75 0.44 0.77
-0.30 12.20 -1.80 0.00 0.00 -0.00 0.56 0.04 0.33
-0.30 12.20 -1.80 0.00 0.00 -0.00 0.40 0.60 0.14
-0.30 11.42 -3.42 0.00 0.00 -0.00 0.96 0.04 0.25
-0.30 12.20 -1.80 0.43 0.00 0.00 0.35 0.66 0.40
-0.30 11.42 -3.42 0.43 0.00 0.00 0.99 0.94 0.20
-0.30 11.64 -3.51 0.43 0.00 0.00 0.76 0.81 0.46
0.30 12.76 -3.51 0.00 0.05 -0.34 0.35 0.96 0.82
0.30 12.20 -3.60 0.00 0.05 -0.34 0.59 0.06 0.10
-0.30 12.20 -3.60 0.00 0.05 -0.34 0.62 0.14 1.00
0.30 12.76 -3.51 0.00 0.05 -0.34 0.06 0.91 0.63
-0.30 12.20 -3.60 0.00 0.05 -0.34 0.10 0.24 0.38
-0.30 12.76 -3.51 0.00 0.05 -0.34 0.69 0.38 0.94
0.30 11.64 -3.51 0.00 0.05 0.34 0.74 0.63 0.34
0.30 12.20 -3.60 0.00 0.05 0.34 0.40 0.03 0.30
-0.30 12.20 -3.60 0.00 0.05 0.34 0.34 0.23 0.65
0.30 11.64 -3.51 0.00 0.05 0.34 0.15 0.69 0.64
-0.30 12.20 -3.60 0.00 0.05 0.34 0.11 0.51 0.40
-0.30 11.64 -3.51 0.00 0.05 0.34 0.16 0.61 0.75
0.30 12.20 -1.80 -0.00 0.00 0.00 0.31 0.61 0.34
0.30 12.20 -1.80 -0.00 0.00 0.00 0.22 0.24 0.96
0.30 12.76 -3.51 -0.00 0.00 0.00 0.46 0.62 0.02
0.30 12.20 -1.80 -1.01 0.00 0.00 0.83 0.56 0.11
0.30 12.76 -3.51 -1.01 0.00 0.00 0.47 0.90 0.81
0.30 12.20 -3.60 -1.01 0.00 0.00 0.50 0.20 0.54
0.30 12.20 -1.80 0.00 0.00 -0.00 0.73 0.85 0.94
0.30 12.20 -1.80 0.00 0.00 -0.00 0.42 0.49 0.28
0.30 11.64 -3.51 0.00 0.00 -0.00 0.93 0.89 0.42
0.30 12.20 -1.80 1.01 0.00 0.00 0.54 0.64 0.53
0.30 11.64 -3.51 1.01 0.00 0.00 0.15 0.98 0.70
0.30 12.20 -3.60 1.01 0.00 0.00 0.39 0.94 0.00
-0.30 12.20 -1.80 -0.00 0.00 0.00 0.01 0.96 0.22
-0.30 12.20 -1.80 -0.00 0.00 0.00 0.57 0.07 0.68
-0.30 12.76 -3.51 -0.00 0.00 0.00 0.47 0.88 0.51
-0.30 12.20 -1.80 -1.01 0.00 0.00 0.67 0.42 0.98
-0.30 12.76 -3.51 -1.01 0.00 0.00 0.52 0.36 0.48
-0.30 12.20 -3.60 -1.01 0.00 0.00 0.01 0.63 0.20
-0.30 12.20 -1.80 0.00 0.00 -0.00 0.90 0.06 0.62
-0.30 12.20 -1.80 0.00 0.00 -0.00 0.54 0.59 0.55
-0.30 11.64 -3.51 0.00 0.00 -0.00 0.51 0.29 0.09
-0.30 12.20 -1.80 1.01 0.00 0.00 0.45 0.29 0.25
-0.30 11.64 -3.51 1.01 0.00 0.00 0.41 0.51 0.64
-0.30 12.20 -3.60 1.01 0.00 0.00 0.48 0.19 0.65
