-1.500 3.500 6.000 0.465 0.141 0.310 0.500 0.500 -40.000 0.000 4.000
-2.000 4.000 1.000 0.164 0.676 0.237 0.500 0.500 -40.000 0.000 4.000
-2.000 -4.000 1.000 0.823 0.896 0.094 0.500 0.500 -40.000 0.000 4.000
-1.500 3.500 6.000 0.357 0.547 0.125 0.500 0.500 -35.000 0.000 3.500
-2.000 -4.000 1.000 0.261 0.305 0.881 0.500 0.500 -35.000 0.000 3.500
-1.500 -3.500 6.000 0.407 0.742 0.447 0.500 0.500 -35.000 0.000 3.500
-2.000 4.000 1.000 0.654 0.215 0.512 0.500 0.500 -7.500 0.000 -1.875
-1.750 3.750 0.000 0.742 0.781 0.354 0.500 0.500 -7.500 0.000 -1.875
-1.750 -3.750 0.000 0.702 0.846 0.575 0.500 0.500 -7.500 0.000 -1.875
-2.000 4.000 1.000 0.140 0.148 0.717 0.500 0.500 -8.000 -0.000 -2.000
-1.750 -3.750 0.000 0.634 0.810 0.161 0.500 0.500 -8.000 -0.000 -2.000
-2.000 -4.000 1.000 0.662 0.399 0.979 0.500 0.500 -8.000 -0.000 -2.000
1.500 3.500 6.000 0.558 0.494 0.143 0.500 0.500 35.000 0.000 3.500
1.500 -3.500 6.000 0.457 0.971 0.318 0.500 0.500 35.000 0.000 3.500
2.000 -4.000 1.000 0.114 0.852 0.028 0.500 0.500 35.000 0.000 3.500
1.500 3.500 6.000 0.857 0.651 0.289 0.500 0.500 40.000 0.000 4.000
2.000 -4.000 1.000 0.072 0.163 0.048 0.500 0.500 40.000 0.000 4.000
2.000 4.000 1.000 0.854 0.869 0.703 0.500 0.500 40.000 0.000 4.000
2.000 4.000 1.000 0.052 0.797 0.797 0.500 0.500 8.000 0.000 -2.000
2.000 -4.000 1.000 0.200 0.514 0.500 0.500 0.500 8.000 0.000 -2.000
1.750 -3.750 0.000 0.362 0.028 0.640 0.500 0.500 8.000 0.000 -2.000
2.000 4.000 1.000 0.762 0.007 0.626 0.500 0.500 7.500 0.000 -1.875
1.750 -3.750 0.000 0.608 0.502 0.288 0.500 0.500 7.500 0.000 -1.875
1.750 3.750 0.000 0.579 0.820 0.198 0.500 0.500 7.500 0.000 -1.875
-1.500 3.500 6.000 0.783 0.848 0.655 0.500 0.500 0.000 0.000 21.000
-1.500 -3.500 6.000 0.435 0.490 0.770 0.500 0.500 0.000 0.000 21.000
1.500 -3.500 6.000 0.950 0.538 0.979 0.500 0.500 0.000 0.000 21.000
-1.500 3.500 6.000 0.172 0.593 0.051 0.500 0.500 -0.000 0.000 21.000
1.500 -3.500 6.000 0.969 0.391 0.905 0.500 0.500 -0.000 0.000 21.000
1.500 3.500 6.000 0.483 0.243 0.310 0.500 0.500 -0.000 0.000 21.000
-1.750 -3.750 0.000 0.863 0.235 0.510 0.500 0.500 0.000 0.000 -26.250
-1.750 3.750 0.000 0.870 0.862 0.225 0.500 0.500 0.000 0.000 -26.250
1.750 3.750 0.000 0.724 0.502 0.339 0.500 0.500 0.000 0.000 -26.250
-1.750 -3.750 0.000 0.545 0.701 0.947 0.500 0.500 0.000 0.000 -26.250
1.750 3.750 0.000 0.745 0.708 0.878 0.500 0.500 0.000 0.000 -26.250
1.750 -3.750 0.000 0.587 0.830 0.013 0.500 0.500 0.000 0.000 -26.250
-2.000 -4.000 1.000 0.478 0.809 0.800 0.500 0.500 0.000 -3.500 -0.875
-1.750 -3.750 0.000 0.071 0.861 0.103 0.500 0.500 0.000 -3.500 -0.875
1.750 -3.750 0.000 0.814 0.118 0.275 0.500 0.500 0.000 -3.500 -0.875
-2.000 -4.000 1.000 0.057 0.428 0.596 0.500 0.500 0.000 -4.000 -1.000
1.750 -3.750 0.000 0.293 0.291 0.431 0.500 0.500 0.000 -4.000 -1.000
2.000 -4.000 1.000 0.507 0.516 0.295 0.500 0.500 0.000 -4.000 -1.000
-1.750 3.750 0.000 0.009 0.855 0.517 0.500 0.500 0.000 4.000 -1.000
-2.000 4.000 1.000 0.710 0.154 0.242 0.500 0.500 0.000 4.000 -1.000
2.000 4.000 1.000 0.771 0.384 0.139 0.500 0.500 0.000 4.000 -1.000
-1.750 3.750 0.000 0.601 0.397 0.884 0.500 0.500 0.000 3.500 -0.875
2.000 4.000 1.000 0.763 0.198 0.824 0.500 0.500 0.000 3.500 -0.875
1.750 3.750 0.000 0.624 0.301 0.302 0.500 0.500 0.000 3.500 -0.875
-0.500 -3.500 6.000 0.094 0.928 0.725 0.500 0.500 0.000 -5.000 0.500
-1.500 -3.500 6.000 0.523 0.876 0.892 0.500 0.500 0.000 -5.000 0.500
-2.000 -4.000 1.000 0.166 0.307 0.949 0.500 0.500 0.000 -5.000 0.500
-0.500 -3.500 6.000 0.034 0.602 0.594 0.500 0.500 0.000 -3.750 0.375
-2.000 -4.000 1.000 0.241 0.120 0.101 0.500 0.500 0.000 -3.750 0.375
-0.500 -3.750 3.500 0.747 0.714 0.463 0.500 0.500 0.000 -3.750 0.375
0.500 -3.500 6.000 0.131 0.853 0.525 0.500 0.500 0.000 -3.750 0.375
0.500 -3.750 3.500 0.880 0.089 0.296 0.500 0.500 0.000 -3.750 0.375
2.000 -4.000 1.000 0.430 0.913 0.250 0.500 0.500 0.000 -3.750 0.375
0.500 -3.500 6.000 0.083 0.567 0.013 0.500 0.500 0.000 -5.000 0.500
2.000 -4.000 1.000 0.011 0.293 0.989 0.500 0.500 0.000 -5.000 0.500
1.500 -3.500 6.000 0.887 0.185 0.083 0.500 0.500 0.000 -5.000 0.500
-2.000 -4.000 1.000 0.547 0.486 0.958 0.500 0.500 0.000 -10.000 1.000
2.000 -4.000 1.000 0.149 0.081 0.124 0.500 0.500 0.000 -10.000 1.000
0.500 -3.750 3.500 0.621 0.534 0.510 0.500 0.500 0.000 -10.000 1.000
-2.000 -4.000 1.000 0.335 0.997 0.751 0.500 0.500 0.000 -2.500 0.250
0.500 -3.750 3.500 0.540 0.523 0.498 0.500 0.500 0.000 -2.500 0.250
-0.500 -3.750 3.500 0.630 0.171 0.981 0.500 0.500 0.000 -2.500 0.250
-0.500 -3.750 3.500 0.543 0.421 0.862 0.500 0.500 0.000 0.000 0.250
0.500 -3.750 3.500 0.111 0.786 0.292 0.500 0.500 0.000 0.000 0.250
0.500 -3.500 3.500 0.756 0.775 0.376 0.500 0.500 0.000 0.000 0.250
-0.500 -3.750 3.500 0.941 0.211 0.739 0.500 0.500 0.000 0.000 0.250
0.500 -3.500 3.500 0.779 0.169 0.627 0.500 0.500 0.000 0.000 0.250
-0.500 -3.500 3.500 0.212 0.646 0.174 0.500 0.500 0.000 0.000 0.250
-0.500 -3.500 3.500 0.747 0.156 0.675 0.500 0.500 0.000 -2.500 0.000
0.500 -3.500 3.500 0.096 0.260 0.649 0.500 0.500 0.000 -2.500 0.000
0.500 -3.500 6.000 0.971 0.110 0.336 0.500 0.500 0.000 -2.500 0.000
-0.500 -3.500 3.500 0.495 0.092 0.877 0.500 0.500 0.000 -2.500 0.000
0.500 -3.500 6.000 0.916 0.954 0.859 0.500 0.500 0.000 -2.500 0.000
-0.500 -3.500 6.000 0.055 0.598 0.402 0.500 0.500 0.000 -2.500 0.000
-2.000 4.000 1.000 0.830 0.326 0.865 0.500 0.500 0.000 5.000 0.500
-1.500 3.500 6.000 0.041 0.066 0.621 0.500 0.500 0.000 5.000 0.500
-0.500 3.500 6.000 0.563 0.045 0.914 0.500 0.500 0.000 5.000 0.500
-2.000 4.000 1.000 0.209 0.571 0.046 0.500 0.500 0.000 3.750 0.375
-0.500 3.500 6.000 0.717 0.598 0.258 0.500 0.500 0.000 3.750 0.375
-0.500 3.750 3.500 0.977 0.247 0.005 0.500 0.500 0.000 3.750 0.375
1.500 3.500 6.000 0.440 0.936 0.454 0.500 0.500 0.000 6.250 0.625
2.000 4.000 1.000 0.532 0.165 0.777 0.500 0.500 0.000 6.250 0.625
0.500 3.750 3.500 0.838 0.024 0.272 0.500 0.500 0.000 6.250 0.625
1.500 3.500 6.000 0.436 0.778 0.541 0.500 0.500 0.000 2.500 0.250
0.500 3.750 3.500 0.763 0.996 0.596 0.500 0.500 0.000 2.500 0.250
0.500 3.500 6.000 0.181 0.617 0.778 0.500 0.500 0.000 2.500 0.250
2.000 4.000 1.000 0.226 0.884 0.172 0.500 0.500 0.000 10.000 1.000
-2.000 4.000 1.000 0.797 0.930 0.735 0.500 0.500 0.000 10.000 1.000
-0.500 3.750 3.500 0.395 0.540 0.296 0.500 0.500 0.000 10.000 1.000
2.000 4.000 1.000 0.995 0.898 0.013 0.500 0.500 0.000 2.500 0.250
-0.500 3.750 3.500 0.283 0.352 0.343 0.500 0.500 0.000 2.500 0.250
0.500 3.750 3.500 0.448 0.129 0.783 0.500 0.500 0.000 2.500 0.250
-0.500 3.500 3.500 0.824 0.402 0.667 0.500 0.500 0.000 0.000 0.250
0.500 3.500 3.500 0.602 0.943 0.505 0.500 0.500 0.000 0.000 0.250
0.500 3.750 3.500 0.950 0.891 0.293 0.500 0.500 0.000 0.000 0.250
-0.500 3.500 3.500 0.568 0.669 0.408 0.500 0.500 0.000 0.000 0.250
0.500 3.750 3.500 0.804 0.841 0.589 0.500 0.500 0.000 0.000 0.250
-0.500 3.750 3.500 0.086 0.576 0.167 0.500 0.500 0.000 0.000 0.250
-0.500 3.500 6.000 0.626 0.224 0.964 0.500 0.500 -0.000 2.500 0.000
0.500 3.500 6.000 0.876 0.238 0.712 0.500 0.500 -0.000 2.500 0.000
0.500 3.500 3.500 0.228 0.933 0.059 0.500 0.500 -0.000 2.500 0.000
-0.500 3.500 6.000 0.710 0.068 0.342 0.500 0.500 0.000 2.500 0.000
0.500 3.500 3.500 0.464 0.735 0.142 0.500 0.500 0.000 2.500 0.000
-0.500 3.500 3.500 0.759 0.240 0.966 0.500 0.500 0.000 2.500 0.000
-0.500 3.500 6.000 0.650 0.885 0.920 0.500 0.500 0.625 0.000 0.000
-0.500 3.500 3.500 0.671 0.294 0.871 0.500 0.500 0.625 0.000 0.000
-0.500 3.750 3.500 0.513 0.235 0.791 0.500 0.500 0.625 0.000 0.000
0.500 3.500 6.000 0.441 0.403 0.947 0.500 0.500 -0.625 0.000 0.000
0.500 3.750 3.500 0.666 0.719 0.385 0.500 0.500 -0.625 0.000 0.000
0.500 3.500 3.500 0.256 0.783 0.363 0.500 0.500 -0.625 0.000 0.000
-0.500 -3.750 3.500 0.189 0.842 0.240 0.500 0.500 0.625 0.000 0.000
-0.500 -3.500 3.500 0.257 0.184 0.468 0.500 0.500 0.625 0.000 0.000
-0.500 -3.500 6.000 0.992 0.678 0.530 0.500 0.500 0.625 0.000 0.000
0.500 -3.500 6.000 0.584 0.644 0.346 0.500 0.500 -0.625 0.000 -0.000
0.500 -3.500 3.500 0.469 0.917 0.105 0.500 0.500 -0.625 0.000 -0.000
0.500 -3.750 3.500 0.115 0.140 0.107 0.500 0.500 -0.625 0.000 -0.000
